2048 2048
97 98 77 77 77 77 77 77 77 77 77 77 77 77 77 77 77 77 77 77 77 77 77 77 77 77 77 77 77 89 97 98 97 98 77 77 77 77 77 77 77 77 77 77 77 77 77 77 77 77 77 77 77 77 77 77 77 77 77 77 77 89 97 98 97 98 77 77 77 77 77 77 77 77 77 77 77 77 77 77 77 77 77 77 77 77 77 77 77 77 77 77 77 77 77 77 77 77 77 77 77 77 77 77 77 77 77 77 77 77 77 77 77 77 77 77 77 77 77 77 77 77 77 77 77 77 97 98
109 110 77 77 77 77 77 77 77 77 77 77 77 77 77 77 77 77 77 77 77 77 77 77 77 77 77 77 77 89 109 110 109 110 77 77 77 77 89 69 69 77 77 77 77 77 77 77 77 77 77 77 77 77 77 77 77 77 77 77 77 89 109 110 109 110 77 77 77 77 89 69 69 77 77 77 77 77 77 77 77 77 77 77 77 77 77 77 77 77 77 77 77 77 77 77 77 77 77 77 77 77 77 77 77 77 77 77 77 77 77 77 77 77 77 77 77 77 77 77 77 77 77 77 77 77 109 110
97 98 65 64 65 64 65 64 65 64 88 69 69 64 65 64 65 64 88 69 69 64 65 64 65 64 65 64 65 88 97 98 97 98 65 64 65 64 76 81 81 64 65 64 65 64 65 64 65 64 65 64 65 64 65 64 65 64 65 64 65 88 97 98 97 98 83 83 83 83 76 81 81 64 65 64 65 64 65 64 65 64 65 64 65 64 65 64 65 64 65 64 65 64 65 64 65 64 65 64 65 64 65 64 65 64 65 64 65 64 65 64 65 64 65 64 65 64 65 64 65 64 65 64 65 64 97 98
109 110 64 65 64 65 64 65 64 65 76 81 81 65 64 65 64 65 76 81 81 65 64 65 64 65 64 65 64 76 109 110 109 110 64 65 64 65 88 81 81 65 64 65 64 65 64 65 64 65 64 65 64 65 64 65 64 65 64 65 64 76 109 110 109 110 83 65 64 83 88 81 81 65 64 65 64 65 64 65 64 65 64 65 64 65 64 65 64 65 64 65 64 65 64 65 64 65 64 65 64 65 64 65 64 65 64 65 64 65 64 65 64 65 64 65 64 65 64 65 64 65 64 65 64 65 109 110
97 98 65 64 65 64 65 64 65 64 88 81 81 64 65 64 65 64 88 81 81 64 65 64 65 64 65 64 65 88 97 98 97 98 65 64 65 64 76 81 81 64 65 64 65 64 65 64 65 64 65 64 65 64 65 64 65 64 65 64 65 88 97 98 97 98 83 64 65 83 76 81 81 64 65 64 65 64 65 64 65 64 65 64 65 64 65 64 65 64 65 64 65 64 65 64 65 64 65 64 65 64 65 64 65 64 65 64 65 64 65 64 65 64 65 64 65 64 65 90 90 64 65 64 65 64 97 98
109 110 64 65 64 65 64 65 64 65 76 81 81 65 64 65 64 65 76 81 81 65 64 65 64 65 64 65 64 76 70 71 71 72 64 65 64 65 88 81 81 65 64 65 64 65 64 65 64 65 64 65 64 65 64 65 64 65 64 65 64 76 109 110 109 110 83 83 83 83 88 81 81 65 64 65 64 65 64 65 64 65 64 65 64 65 64 65 64 65 64 65 64 65 64 65 64 65 64 65 64 65 64 65 64 65 64 65 64 65 64 65 64 65 64 65 64 65 88 81 81 65 64 65 64 65 109 110
97 98 65 61 62 63 65 90 90 64 88 93 93 64 65 90 90 64 88 93 93 64 65 90 90 64 65 64 65 88 82 71 71 84 65 64 65 64 76 81 81 64 65 64 65 64 65 64 65 64 65 64 65 64 65 64 65 64 65 64 65 88 97 98 97 98 65 64 65 64 76 81 81 64 65 66 67 67 67 67 67 67 67 67 67 67 67 67 67 67 67 67 67 67 67 67 67 67 67 67 67 67 67 67 67 67 67 67 67 67 67 67 68 64 65 90 90 64 76 81 81 64 65 64 65 64 97 98
109 110 64 73 74 75 88 81 81 65 76 105 105 65 88 81 81 65 76 105 105 65 88 81 81 65 64 65 64 107 109 110 109 110 106 65 64 65 88 81 81 65 64 65 64 65 64 65 64 65 64 65 64 65 64 65 64 65 64 65 64 76 109 110 109 110 64 65 64 65 88 81 81 65 88 69 66 67 67 67 67 67 67 67 67 67 67 67 67 67 67 67 67 67 67 67 67 67 67 67 67 67 67 67 67 67 67 67 67 67 67 68 69 65 88 81 81 65 88 81 81 65 64 65 64 65 109 110
97 98 65 85 86 87 76 81 81 64 65 64 65 64 76 81 81 64 65 64 65 64 76 81 81 64 65 64 65 107 97 98 97 98 106 64 65 64 76 81 81 64 65 64 65 64 65 90 90 64 65 64 65 64 65 64 65 64 65 64 65 88 97 98 97 98 65 64 65 64 76 81 81 64 76 81 69 78 79 79 79 79 79 79 79 79 79 79 79 79 79 79 79 79 79 79 79 79 79 79 79 79 79 79 79 79 79 79 79 79 79 69 81 64 76 81 81 64 76 81 81 64 65 64 65 64 97 98
109 110 64 65 64 65 88 81 81 65 64 65 64 65 88 81 81 65 64 65 64 65 88 81 81 65 64 65 64 76 109 110 109 110 64 65 64 65 88 81 81 65 64 65 64 65 88 81 81 65 64 65 64 65 64 65 64 65 64 65 64 76 109 110 109 110 64 65 64 65 88 81 81 65 88 81 81 65 64 65 64 65 64 65 64 65 64 65 64 65 64 65 64 65 64 65 64 65 64 65 64 65 64 65 64 65 64 65 64 65 88 81 81 65 88 81 81 65 88 81 81 65 64 65 64 65 109 110
97 98 65 64 65 64 76 81 81 64 65 64 65 64 76 81 81 64 65 64 65 64 76 81 81 64 65 64 65 88 97 98 97 98 65 64 65 64 76 81 81 64 65 64 65 64 76 81 81 64 65 64 65 64 65 64 65 64 65 64 65 88 97 98 97 98 65 64 65 64 76 81 81 64 76 81 81 64 65 66 67 67 67 67 67 67 67 67 67 67 67 67 67 67 67 67 67 67 67 67 67 67 67 67 67 67 67 67 68 64 76 81 81 64 76 81 81 64 76 81 81 64 65 64 65 64 97 98
109 110 64 65 64 65 88 81 81 65 64 65 64 65 88 81 81 65 64 65 64 65 88 81 81 65 64 65 64 76 109 110 109 110 64 65 64 65 88 81 81 65 64 65 64 65 88 81 81 65 64 65 64 65 64 65 64 65 64 65 64 76 109 110 109 110 64 65 64 65 88 81 81 65 88 81 81 65 88 69 66 67 67 67 67 67 67 67 67 67 67 67 67 67 67 67 67 67 67 67 67 67 67 67 67 67 67 68 69 65 88 81 81 65 88 81 81 65 88 81 81 65 64 65 64 65 109 110
97 98 97 98 97 98 97 98 97 98 97 98 97 98 97 98 97 98 97 98 97 98 97 98 97 98 97 98 97 98 97 98 97 98 65 64 65 64 76 81 81 64 65 64 65 64 76 81 81 64 65 64 65 64 65 64 65 64 65 64 65 88 97 98 97 98 65 64 65 64 76 81 81 64 76 81 81 64 76 81 69 101 79 79 79 79 79 79 79 79 79 79 79 79 79 79 79 79 79 79 79 79 79 79 79 79 79 69 81 64 76 81 81 64 76 81 81 64 76 81 81 64 65 64 65 64 97 98
109 110 109 110 109 110 109 110 109 110 109 110 109 110 109 110 109 110 109 110 109 110 109 110 109 110 109 110 109 110 109 110 109 110 64 65 64 65 88 81 81 65 64 65 64 65 88 81 81 65 64 65 64 65 64 65 64 65 64 65 64 76 109 110 109 110 64 65 64 65 88 81 81 65 88 81 81 65 88 81 81 65 64 65 64 65 64 65 64 65 64 65 64 65 64 65 64 65 64 65 64 65 64 65 64 65 88 81 81 65 88 81 81 65 88 81 81 65 88 81 81 65 64 65 64 65 109 110
97 98 97 98 97 98 97 98 97 98 97 98 97 98 97 98 97 98 97 98 97 98 97 98 97 98 97 98 97 98 97 98 97 98 65 64 65 64 76 81 81 64 65 64 65 64 76 81 81 64 65 64 65 64 65 64 65 64 65 64 65 88 97 98 97 98 65 64 65 64 76 81 81 64 76 81 81 64 76 81 81 64 65 66 67 67 67 67 67 67 67 67 67 67 67 67 67 67 67 67 67 67 67 67 68 64 76 81 81 64 76 81 81 64 76 81 81 64 76 81 81 64 65 64 65 64 97 98
109 110 109 110 109 110 109 110 109 110 109 110 109 110 109 110 109 110 109 110 109 110 109 110 109 110 109 110 109 110 109 110 109 110 64 65 64 65 88 81 81 65 64 65 64 65 88 81 81 65 64 65 64 65 64 65 64 65 64 65 64 76 109 110 109 110 64 65 64 65 88 81 81 65 88 81 81 65 88 81 81 65 88 69 66 67 67 67 67 67 67 67 67 67 67 67 67 67 67 67 67 67 67 68 69 65 88 81 81 65 88 81 81 65 88 81 81 65 88 81 81 65 64 65 64 65 109 110
97 98 77 77 77 77 77 77 77 77 77 77 77 77 77 77 77 77 77 77 77 77 77 77 77 77 77 77 77 77 97 98 97 98 65 64 65 64 76 81 81 64 65 64 65 64 76 81 81 64 65 64 65 64 65 64 65 64 65 64 65 88 97 98 97 98 65 64 65 64 76 81 81 64 76 81 81 64 76 81 81 64 76 81 69 101 79 79 79 79 79 79 79 79 79 79 79 79 79 79 79 79 79 69 81 64 76 81 81 64 76 81 81 64 76 81 81 64 76 81 81 64 65 64 65 64 97 98
109 110 77 77 77 77 77 77 77 77 77 77 77 77 77 77 77 77 77 77 77 77 77 77 77 77 77 77 77 77 109 110 109 110 64 65 64 65 88 81 81 65 64 65 64 65 88 81 81 65 64 65 64 65 64 65 64 65 64 65 64 76 109 110 109 110 64 65 64 65 88 81 81 65 88 81 81 65 88 81 81 65 88 81 81 65 64 65 64 65 64 65 64 65 64 65 64 65 64 65 64 65 88 81 81 65 88 81 81 65 88 81 81 65 88 81 81 65 88 81 81 65 64 65 64 65 109 110
97 98 65 64 83 64 65 64 83 64 65 64 83 64 65 64 83 64 65 65 83 65 64 65 83 65 64 65 83 76 97 98 97 98 65 64 65 64 76 81 81 64 65 64 65 64 76 81 81 64 65 64 65 64 65 64 65 64 65 64 65 88 97 98 97 98 65 64 65 64 76 81 81 64 76 81 81 64 76 81 81 64 76 81 81 64 65 66 67 67 67 67 67 67 67 67 67 67 67 67 68 64 76 81 81 64 76 81 81 64 76 81 81 64 76 81 81 64 76 81 81 64 65 64 65 64 97 98
109 110 64 83 64 65 64 83 64 65 64 83 64 65 64 83 64 65 64 83 65 64 65 83 65 64 65 83 65 88 109 110 109 110 64 65 64 65 88 81 81 65 64 65 64 65 88 81 81 65 64 65 64 65 64 65 64 65 64 65 64 76 109 110 109 110 64 65 64 65 88 81 81 65 88 81 81 65 88 81 81 65 88 81 81 65 88 69 66 67 67 67 67 67 67 67 67 67 67 68 69 65 88 81 81 65 88 81 81 65 88 81 81 65 88 81 81 65 88 81 81 65 64 65 64 65 109 110
97 98 83 64 65 64 83 64 65 64 83 64 65 64 83 64 65 64 83 65 64 65 83 65 64 65 83 65 64 76 97 98 97 98 65 64 65 64 76 81 81 64 65 64 65 64 76 81 81 64 65 64 65 64 65 64 65 64 65 64 65 88 97 98 97 98 65 64 65 64 76 81 81 64 76 81 81 64 76 81 81 64 76 81 81 64 76 81 69 101 79 79 79 79 79 79 79 79 79 69 81 64 76 81 81 64 76 81 81 64 76 81 81 64 76 81 81 64 76 81 81 64 65 64 65 64 97 98
109 110 64 65 64 83 64 65 64 83 64 65 64 83 64 65 64 83 64 64 65 83 65 64 65 83 65 64 65 83 109 110 109 110 64 65 64 65 88 81 81 65 64 65 64 65 88 81 81 65 64 65 64 65 64 65 64 65 64 65 64 76 109 110 109 110 64 65 64 65 88 81 81 65 88 81 81 65 88 81 81 65 88 81 81 65 88 81 81 65 64 65 64 65 64 65 64 65 88 81 81 65 88 81 81 65 88 81 81 65 88 81 81 65 88 81 81 65 88 81 81 65 64 65 64 65 109 110
97 98 65 61 62 63 65 64 83 64 65 64 83 64 65 64 83 64 65 65 83 65 64 65 83 65 64 65 83 76 97 98 97 98 65 64 65 64 76 93 93 64 65 64 65 64 76 81 81 64 65 64 65 64 83 83 83 83 65 64 65 88 97 98 97 98 65 64 65 64 76 81 81 64 76 81 81 64 76 81 81 64 76 81 81 64 76 81 81 64 65 90 90 64 65 61 62 63 76 81 81 64 76 81 81 64 76 81 81 64 76 81 81 64 76 81 81 64 76 81 81 64 65 64 65 64 97 98
109 110 64 73 74 75 64 83 64 65 64 83 64 65 64 83 64 65 64 83 65 64 65 83 65 64 65 83 65 88 109 110 109 110 64 65 64 65 88 105 105 65 64 65 64 65 88 81 81 65 64 65 64 65 83 65 64 83 64 65 64 76 109 110 109 110 64 65 64 65 88 81 81 65 88 81 81 65 88 81 81 65 88 81 81 65 88 81 81 65 88 81 81 65 64 73 74 75 88 81 81 65 88 81 81 65 88 81 81 65 88 81 81 65 88 81 81 65 88 81 81 65 64 65 64 65 109 110
97 98 83 85 86 87 83 64 65 64 83 64 65 64 83 64 65 64 83 65 64 65 83 65 64 65 83 65 64 76 97 98 97 98 65 64 65 64 65 64 65 64 65 64 65 64 76 81 81 64 65 64 65 64 83 64 65 83 65 64 65 88 97 98 97 98 65 64 65 64 76 81 81 64 76 81 81 64 76 81 81 64 76 81 81 64 76 81 81 64 76 81 81 64 65 85 86 87 76 81 81 64 76 81 81 64 76 81 81 64 76 81 81 64 76 81 81 64 76 81 81 64 65 64 65 64 97 98
109 110 64 65 64 83 64 65 64 83 64 65 64 83 64 65 64 83 64 64 65 83 65 64 65 83 65 64 65 83 109 110 109 110 64 65 64 65 64 65 64 65 64 65 64 65 88 81 81 65 64 65 64 65 83 83 83 83 64 65 64 76 109 110 109 110 64 65 64 65 88 81 81 65 88 81 81 65 88 81 81 65 88 81 81 65 88 81 81 65 88 81 81 65 64 65 64 65 88 81 81 65 88 81 81 65 88 81 81 65 88 81 81 65 88 81 81 65 88 81 81 65 64 65 64 65 109 110
97 98 65 64 83 64 65 64 83 64 65 64 83 64 65 64 83 64 65 65 83 65 64 65 83 65 64 65 83 76 97 98 97 98 65 64 65 64 65 64 65 64 65 64 65 64 76 81 81 64 65 64 65 64 65 64 65 64 65 64 65 88 97 98 97 98 65 64 65 64 76 81 81 64 76 81 81 64 76 81 81 64 76 81 81 64 76 81 81 64 76 81 93 66 67 67 67 67 68 93 81 64 76 81 81 64 76 81 81 64 76 81 81 64 76 81 81 64 76 81 81 64 65 64 65 64 97 98
109 110 64 83 64 65 64 83 64 65 64 83 64 65 64 83 64 65 64 83 65 64 65 83 65 64 65 83 65 88 109 110 109 110 64 65 64 65 64 65 64 65 64 65 64 65 88 81 81 65 64 65 64 65 64 65 64 65 64 65 64 76 109 110 109 110 64 65 64 65 88 81 81 65 88 81 81 65 88 81 81 65 88 81 81 65 88 81 81 65 88 93 66 67 67 67 67 67 67 68 81 65 88 81 81 65 88 81 81 65 88 81 81 65 88 81 81 65 88 81 81 65 64 65 64 65 109 110
97 98 83 64 65 64 83 64 65 64 83 64 65 64 83 64 65 64 83 65 64 65 83 65 64 65 83 65 64 76 97 98 97 98 97 98 97 98 97 98 97 98 97 98 97 98 97 98 97 98 97 98 97 98 97 98 97 98 97 98 97 98 97 98 97 98 65 64 65 64 76 81 81 64 76 81 81 64 76 81 81 64 76 81 81 64 76 81 81 64 76 105 78 79 79 79 79 79 79 80 80 64 76 81 81 64 76 81 81 64 76 81 81 64 76 81 81 64 76 81 81 64 65 64 65 64 97 98
109 110 64 65 64 83 64 65 64 83 64 65 64 83 64 65 64 83 64 64 65 83 65 64 65 83 65 64 65 83 109 110 109 110 109 110 109 110 109 110 109 110 109 110 109 110 109 110 109 110 109 110 109 110 109 110 109 110 109 110 109 110 109 110 109 110 64 65 64 65 88 81 81 65 88 81 81 65 88 81 81 65 88 81 81 65 88 81 81 65 64 65 64 65 64 65 64 65 64 65 64 65 88 81 81 65 88 81 81 65 88 81 81 65 88 81 81 65 88 81 81 65 64 65 64 65 109 110
97 98 65 64 83 64 65 64 83 64 65 64 83 64 65 64 83 64 65 65 83 65 64 65 83 65 64 65 83 76 97 98 97 98 97 98 97 98 97 98 97 98 97 98 97 98 97 98 97 98 97 98 97 98 97 98 97 98 97 98 97 98 97 98 97 98 65 64 65 64 76 81 81 64 76 81 81 64 76 81 81 64 76 81 81 64 76 81 93 66 67 67 67 67 67 67 67 67 67 67 67 67 68 93 81 64 76 81 81 64 76 81 81 64 76 81 81 64 76 81 81 64 65 64 65 64 97 98
109 110 64 83 64 65 64 83 64 65 64 83 64 65 64 83 64 65 64 83 65 64 65 83 65 64 65 83 65 88 109 110 109 110 109 110 109 110 109 110 109 110 109 110 109 110 109 110 109 110 109 110 109 110 109 110 109 110 109 110 109 110 109 110 109 110 64 65 64 65 88 81 81 65 88 81 81 65 88 81 81 65 88 81 81 65 88 93 66 67 67 67 67 67 67 67 67 67 67 67 67 67 67 68 81 65 88 81 81 65 88 81 81 65 88 81 81 65 88 81 81 65 64 65 64 65 109 110
97 98 83 64 65 64 83 64 65 64 83 64 65 64 83 64 65 64 83 65 64 65 83 65 64 65 83 65 64 76 97 98 97 98 77 77 77 77 77 77 77 77 77 77 77 89 97 98 97 98 77 77 77 77 77 77 77 77 77 77 77 89 97 98 97 98 65 64 65 64 76 81 81 64 76 81 81 64 76 81 81 64 76 81 81 64 76 105 78 79 79 79 79 79 79 79 79 79 79 79 79 79 79 80 80 64 76 81 81 64 76 81 81 64 76 81 81 64 76 81 81 64 65 64 65 64 97 98
109 110 64 65 64 83 64 65 64 83 64 65 64 83 64 65 64 83 64 64 65 83 65 64 65 83 65 64 65 83 109 110 109 110 77 77 77 77 77 77 77 77 77 77 77 89 109 110 109 110 77 77 77 77 77 77 77 77 77 77 77 89 109 110 109 110 64 65 64 65 88 81 81 65 88 81 81 65 88 81 81 65 88 81 81 65 64 65 64 65 64 65 64 65 64 65 64 65 64 65 64 65 64 65 64 65 88 81 81 65 88 81 81 65 88 81 81 65 88 81 81 65 64 65 64 65 109 110
97 98 65 64 83 64 65 64 83 64 65 64 83 64 65 64 83 64 65 65 83 65 64 65 83 65 64 65 83 76 97 98 97 98 103 103 103 103 103 103 103 103 103 103 103 92 97 98 97 98 65 64 65 64 65 64 65 64 65 64 65 88 97 98 97 98 65 64 65 64 76 81 81 64 76 81 81 64 76 81 81 64 76 81 93 66 67 67 67 67 67 67 67 67 67 67 67 67 67 67 67 67 67 67 67 67 68 93 81 64 76 81 81 64 76 81 81 64 76 81 81 64 65 64 65 64 97 98
109 110 64 83 64 65 64 83 64 65 64 83 64 65 64 83 64 65 64 83 65 64 65 83 65 64 65 83 65 88 109 110 109 110 91 91 91 91 83 83 83 83 91 91 91 104 109 110 109 110 64 65 64 65 64 65 64 65 64 65 64 76 109 110 109 110 64 65 64 65 88 81 81 65 88 81 81 65 88 81 81 65 88 93 66 67 67 67 67 67 67 67 67 67 67 67 67 67 67 67 67 67 67 67 67 67 67 68 81 65 88 81 81 65 88 81 81 65 88 81 81 65 64 65 64 65 109 110
97 98 83 64 65 64 83 64 65 64 83 64 65 64 83 64 65 64 83 65 64 65 83 65 64 65 83 65 64 76 97 98 97 98 91 91 91 83 83 106 106 83 83 91 91 104 97 98 97 98 65 64 65 64 65 64 65 64 65 64 65 88 97 98 97 98 65 64 65 64 76 81 81 64 76 81 81 64 76 81 81 64 76 105 78 79 79 79 79 79 79 79 79 79 79 79 79 79 79 79 79 79 79 79 79 79 79 80 80 64 76 81 81 64 76 81 81 64 76 81 81 64 65 64 65 64 97 98
109 110 64 65 64 83 64 65 64 83 64 65 64 83 64 65 64 83 64 64 65 83 65 64 65 83 65 64 65 83 70 71 71 72 91 91 91 83 94 106 106 94 83 91 91 104 109 110 109 110 64 65 64 65 64 65 64 65 64 65 64 76 109 110 109 110 64 65 64 65 88 81 81 65 88 81 81 65 88 81 81 65 64 65 64 65 64 65 64 65 64 65 64 65 64 65 64 65 64 65 64 65 64 65 64 65 64 65 64 65 88 81 81 65 88 81 81 65 88 81 81 65 64 65 64 65 109 110
97 98 65 64 83 64 65 64 83 64 65 64 83 64 65 64 83 64 65 65 83 65 64 65 83 65 64 65 83 76 70 71 71 72 91 91 91 83 94 106 106 94 83 91 91 104 97 98 97 98 65 64 65 64 65 64 65 64 65 64 65 88 97 98 97 98 65 64 65 64 76 81 81 64 76 81 81 64 76 81 93 66 67 67 67 67 67 67 67 67 67 67 67 67 67 67 67 67 67 67 67 67 67 67 67 67 67 67 67 67 68 93 81 64 76 81 81 64 76 81 81 64 65 64 65 64 97 98
109 110 64 83 64 65 64 83 64 65 64 83 64 65 64 83 64 65 64 83 65 64 65 83 65 64 65 83 65 88 109 110 109 110 106 106 106 83 83 106 106 83 83 91 91 104 109 110 109 110 64 65 64 65 64 65 64 65 64 65 64 76 109 110 109 110 64 65 64 65 88 81 81 65 88 81 81 65 88 93 66 67 67 67 67 67 67 67 67 67 67 67 67 67 67 67 67 67 67 67 67 67 67 67 67 67 67 67 67 67 67 68 81 65 88 81 81 65 88 81 81 65 64 65 64 65 109 110
97 98 83 64 65 64 83 64 65 64 83 64 65 64 83 64 65 64 83 65 64 65 83 65 64 65 83 65 64 76 97 98 97 98 106 106 106 91 83 106 106 83 91 91 91 104 97 98 97 98 65 64 65 64 65 64 65 64 65 64 65 88 97 98 97 98 65 64 65 64 76 93 93 64 76 81 81 64 76 105 78 79 79 79 79 79 79 79 79 79 79 79 79 79 79 79 79 79 79 79 79 79 79 79 79 79 79 79 79 79 79 80 80 64 76 81 81 64 76 81 81 64 65 64 65 64 97 98
109 110 64 65 64 83 64 65 64 83 64 65 64 83 64 65 64 83 64 64 65 83 65 64 65 83 65 64 65 83 109 110 109 110 91 106 106 91 91 106 106 91 91 91 91 104 109 110 109 110 64 65 64 65 64 65 64 65 64 65 64 76 109 110 109 110 64 65 64 65 88 105 105 65 88 81 81 65 64 65 64 65 64 65 64 65 64 65 64 65 64 65 64 65 64 65 64 65 64 65 64 65 64 65 64 65 64 65 64 65 64 65 64 65 88 81 81 65 88 81 81 65 64 65 64 65 109 110
97 98 65 64 83 64 65 64 83 64 65 64 83 64 65 64 83 64 65 65 83 65 64 65 83 65 64 65 83 76 97 98 97 98 91 106 106 91 91 106 106 91 91 91 91 104 97 98 97 98 65 64 65 64 65 64 65 64 65 64 65 88 97 98 97 98 65 64 65 64 65 64 65 64 76 81 81 64 65 64 65 64 65 64 65 64 65 64 65 64 65 64 65 64 65 64 65 64 65 64 65 64 65 64 65 64 65 64 65 64 65 64 65 64 76 81 81 64 76 81 81 64 65 64 65 64 97 98
109 110 64 83 64 65 64 83 64 65 64 83 64 65 64 83 64 65 64 83 65 64 65 83 65 64 65 83 65 88 109 110 109 110 91 106 106 91 91 106 106 91 91 91 91 104 109 110 109 110 64 65 64 65 64 65 64 65 64 65 64 76 109 110 109 110 64 65 64 65 64 65 64 65 88 81 81 65 64 65 64 65 64 65 64 65 64 65 64 65 64 65 64 65 64 65 64 65 64 65 64 65 64 65 64 65 64 65 64 65 64 65 64 65 88 81 81 65 88 81 81 65 64 65 64 65 109 110
97 98 97 98 97 98 97 98 97 98 97 98 97 98 97 98 97 98 97 98 97 98 97 98 97 98 97 98 97 98 97 98 97 98 97 98 97 98 97 98 97 98 97 98 97 98 97 98 97 98 97 98 97 98 97 95 96 98 97 98 97 98 97 98 97 98 97 98 97 98 97 98 97 98 97 98 97 98 97 98 97 98 97 98 97 98 97 98 97 98 97 98 97 98 97 98 97 98 97 98 97 98 97 98 97 98 97 98 97 98 97 98 97 98 97 98 97 98 97 98 97 98 97 98 97 98 97 98
109 110 109 110 109 110 109 110 109 110 109 110 109 110 109 110 109 110 109 110 109 110 109 110 109 110 109 110 109 110 109 110 109 110 109 110 109 110 109 110 109 110 109 110 109 110 109 110 109 110 109 110 109 110 109 95 96 110 109 110 109 110 109 110 109 110 109 110 109 110 109 110 109 110 109 110 109 110 109 110 109 110 109 110 109 110 109 110 109 110 109 110 109 110 109 110 109 110 109 110 109 110 109 110 109 110 109 110 109 110 109 110 109 110 109 110 109 110 109 110 109 110 109 110 109 110 109 110
97 98 97 98 97 98 97 98 97 98 97 98 97 98 97 98 97 98 97 98 97 98 97 98 97 98 97 98 97 98 97 98 97 98 97 98 97 98 97 98 97 98 97 98 97 98 97 98 97 98 97 98 97 98 97 95 96 98 97 98 97 98 97 98 97 98 97 98 97 98 97 98 97 98 97 98 97 98 97 98 97 98 97 98 97 98 97 98 97 98 97 98 97 98 97 98 97 98 97 98 97 98 97 98 97 98 97 98 97 98 97 98 97 98 97 98 97 98 97 98 97 98 97 98 97 98 97 98
109 110 109 110 109 110 109 110 109 110 109 110 109 110 109 110 109 110 109 110 109 110 109 110 109 110 109 110 109 110 109 110 109 110 109 110 109 110 109 110 109 110 109 110 109 110 109 110 109 110 109 110 109 110 109 95 96 110 109 110 109 110 109 110 109 110 109 110 109 110 109 110 109 110 109 110 109 110 109 110 109 110 109 110 109 110 109 110 109 110 109 110 109 110 109 110 109 110 109 110 109 110 109 110 109 110 109 110 109 110 109 110 109 110 109 110 109 110 109 110 109 110 109 110 109 110 109 110
97 98 77 77 77 77 77 77 77 77 77 77 77 89 97 98 97 98 77 77 77 77 77 77 77 77 77 77 77 89 97 98 97 98 77 77 77 77 77 77 77 77 77 77 77 89 97 98 97 98 77 77 77 77 77 99 100 77 77 77 77 89 97 98 97 98 77 77 77 77 77 77 77 77 77 77 77 89 97 98 97 98 77 77 77 77 77 77 77 77 77 77 77 89 97 98 97 98 0 0 0 0 0 0 0 0 0 0 0 0 0 0 0 0 0 0 0 0 0 0 0 0 0 0 0 0 97 98
109 110 77 77 77 77 77 77 77 77 77 77 77 89 109 110 109 110 77 77 77 77 77 77 77 77 77 77 77 89 109 110 109 110 77 77 77 77 77 77 77 77 77 77 77 89 109 110 109 110 77 77 77 77 77 111 112 77 77 77 77 89 109 110 109 110 77 77 77 77 77 77 77 77 77 77 77 89 109 110 109 110 77 69 69 77 77 69 69 77 77 77 77 89 109 110 109 110 0 0 0 0 0 0 0 0 0 0 0 0 0 0 0 0 0 0 0 0 0 0 0 0 0 0 0 0 109 110
97 98 103 103 103 103 103 103 103 103 103 103 103 92 97 98 97 98 65 64 65 64 65 64 65 64 65 64 65 88 97 98 97 98 65 64 65 64 65 64 65 64 65 64 65 88 97 98 97 98 103 103 103 103 103 106 106 103 103 103 103 92 97 98 97 98 65 64 65 64 65 64 65 64 65 64 65 88 97 98 97 98 76 81 81 64 76 81 81 64 65 64 65 88 97 98 97 98 0 0 0 0 0 0 0 0 0 0 0 0 0 0 0 0 0 0 0 0 0 0 0 0 0 0 0 0 97 98
109 110 91 91 91 91 91 91 91 91 91 91 91 104 109 110 109 110 64 65 64 65 64 65 64 65 64 65 64 76 109 110 109 110 64 65 64 65 64 65 64 65 64 65 64 76 109 110 109 110 91 91 91 91 91 94 94 91 91 91 91 104 109 110 109 110 64 65 83 65 83 65 64 65 83 65 64 76 109 110 109 110 88 81 81 65 88 81 81 65 64 65 64 76 109 110 109 110 0 0 0 0 0 0 0 0 0 0 0 0 0 0 0 0 0 0 0 0 0 0 0 0 0 0 0 0 109 110
97 98 91 91 94 94 94 94 94 94 94 94 91 104 97 98 97 98 65 64 65 64 65 64 65 64 65 64 65 88 97 98 97 98 65 64 65 64 65 64 65 64 65 64 65 88 97 98 97 98 91 91 91 91 91 94 94 94 94 94 91 104 97 98 97 98 65 64 65 64 65 64 65 64 65 64 65 88 97 98 97 98 76 93 93 64 76 93 93 64 65 64 65 88 97 98 97 98 0 0 0 0 0 0 0 0 0 0 0 0 0 0 0 0 0 0 0 0 0 0 0 0 0 0 0 0 97 98
109 110 91 91 94 94 94 94 94 94 94 94 91 104 70 71 71 72 64 65 64 65 64 65 64 65 64 65 64 76 70 71 71 72 64 65 64 65 64 65 64 65 64 65 64 76 70 71 71 72 91 91 91 91 91 94 94 94 94 94 91 104 109 110 109 110 83 65 64 65 64 65 83 65 83 65 64 76 109 110 109 110 88 105 105 65 88 105 105 65 64 65 64 76 109 110 109 110 0 0 0 0 0 0 0 0 0 0 0 0 0 0 0 0 0 0 0 0 0 0 0 0 0 0 0 0 109 110
97 98 91 91 94 94 91 91 91 91 94 94 91 104 70 71 71 72 65 64 65 64 64 64 65 64 65 64 65 88 70 71 71 72 65 64 65 64 65 64 65 64 65 64 65 88 70 71 71 72 91 91 91 91 91 91 91 91 94 94 91 104 97 98 97 98 65 64 65 64 65 64 65 64 65 64 65 88 97 98 97 98 65 64 65 64 65 64 65 64 65 64 65 88 97 98 97 98 0 0 0 0 0 0 0 0 0 0 0 0 0 0 0 0 0 0 0 0 0 0 0 0 0 0 0 0 97 98
109 110 91 91 94 94 91 91 91 91 94 94 94 107 109 110 109 110 106 65 64 65 64 65 64 65 64 65 64 107 109 110 109 110 106 65 64 65 64 65 64 65 64 65 64 107 109 110 109 110 106 94 91 91 91 91 91 91 94 94 91 104 109 110 109 110 64 65 64 65 83 65 83 65 64 65 64 76 109 110 109 110 64 65 64 65 64 65 64 65 64 65 64 76 109 110 109 110 0 0 0 0 0 0 0 0 0 0 0 0 0 0 0 0 0 0 0 0 0 0 0 0 0 0 0 0 109 110
97 98 91 91 94 94 94 94 94 91 91 94 94 107 97 98 97 98 106 64 65 64 65 64 65 64 65 64 65 107 97 98 97 98 106 64 65 64 65 64 65 64 65 64 65 107 97 98 97 98 106 94 94 94 94 94 94 94 94 94 91 104 97 98 97 98 65 64 65 64 65 64 65 64 65 64 65 88 97 98 97 98 65 64 65 64 65 64 65 64 65 64 65 88 97 98 97 98 0 0 0 0 0 0 0 0 0 0 0 0 0 0 0 0 0 0 0 0 0 0 0 0 0 0 0 0 97 98
109 110 91 91 94 94 94 94 94 91 91 91 91 104 109 110 109 110 64 65 64 65 64 65 64 65 64 65 64 76 109 110 109 110 64 65 64 65 64 65 64 65 64 65 64 76 109 110 109 110 91 91 94 94 94 94 94 94 91 91 91 104 109 110 109 110 64 65 83 65 64 65 64 65 83 65 64 76 109 110 109 110 64 65 64 65 64 65 64 65 64 65 64 76 109 110 109 110 0 0 0 0 0 0 0 0 0 0 0 0 0 0 0 0 0 0 0 0 0 0 0 0 0 0 0 0 109 110
97 98 91 91 91 91 91 94 94 91 91 91 91 104 97 98 97 98 65 64 65 64 65 64 65 64 65 64 65 88 97 98 97 98 65 64 65 64 65 64 65 64 65 64 65 88 97 98 97 98 91 91 91 91 91 91 91 91 91 91 91 104 97 98 97 98 65 64 65 64 65 64 65 64 65 64 65 88 97 98 97 98 66 67 67 67 67 67 67 68 65 64 65 88 97 98 97 98 0 0 0 0 0 0 0 0 0 0 0 0 0 0 0 0 0 0 0 0 0 0 0 0 0 0 0 0 97 98
109 110 91 91 91 91 91 94 94 91 91 91 91 104 109 110 109 110 64 65 64 65 64 65 64 65 64 65 64 76 109 110 109 110 64 65 64 65 64 65 64 65 64 65 64 76 109 110 109 110 91 91 91 91 91 91 91 91 91 91 91 104 109 110 109 110 83 65 64 65 64 65 64 65 83 65 64 76 109 110 109 110 66 67 67 67 67 67 67 68 64 65 64 76 109 110 109 110 0 0 0 0 0 0 0 0 0 0 0 0 0 0 0 0 0 0 0 0 0 0 0 0 0 0 0 0 109 110
97 98 97 98 97 98 97 95 96 98 97 98 97 98 97 98 97 98 97 98 97 98 97 98 97 98 97 98 97 98 97 98 97 98 97 98 97 98 97 95 96 98 97 98 97 98 97 98 97 98 97 98 97 98 97 98 97 98 97 98 97 98 97 98 97 98 97 98 97 98 97 95 96 98 97 98 97 98 97 98 97 98 78 79 79 79 79 79 79 80 65 64 65 88 97 98 97 98 0 0 0 0 0 0 0 0 0 0 0 0 0 0 0 0 0 0 0 0 0 0 0 0 0 0 0 0 97 98
109 110 109 110 109 110 109 95 96 110 109 110 109 110 109 110 109 110 109 110 109 110 109 110 109 110 109 110 109 110 109 110 109 110 109 110 109 110 109 95 96 110 109 110 109 110 109 110 109 110 109 110 109 110 109 110 109 110 109 110 109 110 109 110 109 110 109 110 109 110 109 95 96 110 109 110 109 110 109 110 109 110 64 65 64 65 64 65 64 65 64 65 64 76 109 110 109 110 0 0 0 0 0 0 0 0 0 0 0 0 0 0 0 0 0 0 0 0 0 0 0 0 0 0 0 0 109 110
97 98 97 98 97 98 97 95 96 98 97 98 97 98 97 98 97 98 97 98 97 98 97 98 97 98 97 98 97 98 97 98 97 98 97 98 97 98 97 95 96 98 97 98 97 98 97 98 97 98 97 98 97 98 97 98 97 98 97 98 97 98 97 98 97 98 97 98 97 98 97 95 96 98 97 98 97 98 97 98 97 98 65 64 65 64 65 64 65 64 65 64 65 88 97 98 97 98 0 0 0 0 0 0 0 0 0 0 0 0 0 0 0 0 0 0 0 0 0 0 0 0 0 0 0 0 97 98
109 110 109 110 109 110 109 95 96 110 109 110 109 110 109 110 109 110 109 110 109 110 109 110 109 110 109 110 109 110 109 110 109 110 109 110 109 110 109 95 96 110 109 110 109 110 109 110 109 110 109 110 109 110 109 110 109 110 109 110 109 110 109 110 109 110 109 110 109 110 109 95 96 110 109 110 109 110 109 110 109 110 64 65 64 65 64 65 64 65 64 65 64 76 109 110 109 110 0 0 0 0 0 0 0 0 0 0 0 0 0 0 0 0 0 0 0 0 0 0 0 0 0 0 0 0 109 110
97 98 77 77 77 77 77 99 100 77 77 77 77 89 97 98 97 98 77 77 77 77 77 77 77 77 77 77 77 89 97 98 97 98 77 77 77 77 77 99 100 77 77 77 77 89 97 98 97 98 77 77 77 77 77 77 77 77 77 77 77 89 97 98 97 98 77 77 77 77 77 99 100 77 77 77 77 89 97 98 97 98 65 64 65 64 65 64 65 64 65 64 65 88 97 98 97 98 0 0 0 0 0 0 0 0 0 0 0 0 0 0 0 0 0 0 0 0 0 0 0 0 0 0 0 0 97 98
109 110 77 77 77 77 77 111 112 77 77 77 77 89 109 110 109 110 77 77 77 77 77 77 77 77 77 77 77 89 109 110 109 110 77 77 77 77 77 111 112 77 77 77 77 89 109 110 109 110 77 77 77 77 77 77 77 77 77 77 77 89 109 110 109 110 77 77 77 77 77 111 112 77 77 77 77 89 109 110 109 110 64 65 64 65 64 65 64 65 64 65 64 76 109 110 109 110 0 0 0 0 0 0 0 0 0 0 0 0 0 0 0 0 0 0 0 0 0 0 0 0 0 0 0 0 109 110
97 98 65 64 65 64 65 106 106 64 65 64 65 88 97 98 97 98 65 64 65 64 65 64 65 64 65 64 65 88 97 98 97 98 65 64 65 64 65 106 106 64 65 64 65 88 97 98 97 98 65 64 65 64 65 64 65 64 65 64 65 88 97 98 97 98 103 103 103 103 103 106 106 103 103 103 103 92 97 98 97 98 65 64 65 64 66 67 67 67 67 67 67 67 97 98 97 98 0 0 0 0 0 0 0 0 0 0 0 0 0 0 0 0 0 0 0 0 0 0 0 0 0 0 0 0 97 98
109 110 64 65 64 65 64 65 64 65 64 65 64 76 109 110 109 110 64 65 64 65 64 65 64 65 64 65 64 76 109 110 109 110 64 65 64 65 64 65 64 65 64 65 64 76 109 110 109 110 64 65 64 65 64 65 64 65 64 65 64 76 109 110 109 110 91 91 91 91 91 94 94 91 91 91 91 104 109 110 109 110 64 65 64 76 66 67 67 67 67 67 67 67 109 110 109 110 0 0 0 0 0 0 0 0 0 0 0 0 0 0 0 0 0 0 0 0 0 0 0 0 0 0 0 0 109 110
97 98 65 64 65 64 65 64 65 64 65 64 65 88 97 98 97 98 65 64 65 64 65 64 65 64 65 64 65 88 97 98 97 98 65 64 65 64 65 64 65 64 65 64 65 88 97 98 97 98 65 64 65 64 65 64 65 64 65 64 65 88 97 98 97 98 91 91 91 91 91 94 94 91 91 91 91 104 97 98 97 98 65 64 65 88 78 79 79 79 79 79 79 102 97 98 97 98 0 0 0 0 0 0 0 0 0 0 0 0 0 0 0 0 0 0 0 0 0 0 0 0 0 0 0 0 97 98
109 110 64 65 64 65 64 65 64 65 64 65 64 76 70 71 71 72 64 65 64 65 64 65 64 65 64 65 64 76 109 110 109 110 64 65 64 65 64 65 64 65 64 65 64 76 109 110 109 110 64 65 64 65 64 65 64 65 64 65 64 76 109 110 109 110 91 91 91 91 91 94 94 91 91 91 91 104 109 110 109 110 64 65 64 65 64 65 64 65 64 65 64 76 109 110 109 110 0 0 0 0 0 0 0 0 0 0 0 0 0 0 0 0 0 0 0 0 0 0 0 0 0 0 0 0 109 110
97 98 65 64 65 64 65 64 65 64 65 64 65 88 70 71 71 72 65 64 65 64 65 64 65 64 65 64 65 88 97 98 97 98 66 67 67 67 67 67 67 67 67 67 67 67 97 98 97 98 65 64 65 64 65 64 65 64 65 64 65 88 97 98 97 98 91 91 94 94 94 94 94 94 91 91 91 104 97 98 97 98 65 64 65 64 61 62 63 64 65 64 65 88 97 98 97 98 0 0 0 0 0 0 0 0 0 0 0 0 0 0 0 0 0 0 0 0 0 0 0 0 0 0 0 0 97 98
109 110 64 65 64 65 64 65 64 65 64 65 64 107 109 110 109 110 106 65 64 65 64 65 64 65 64 65 64 76 109 110 109 110 66 67 67 67 67 67 67 67 67 67 67 67 109 110 109 110 64 65 64 65 64 65 64 65 64 65 64 76 109 110 109 110 91 91 94 94 94 94 94 94 91 91 91 104 109 110 109 110 64 65 64 65 73 74 75 65 64 65 64 76 109 110 109 110 0 0 0 0 0 0 0 0 0 0 0 0 0 0 0 0 0 0 0 0 0 0 0 0 0 0 0 0 109 110
97 98 65 64 65 64 65 64 65 64 65 64 65 107 97 98 97 98 106 64 65 64 65 64 65 64 65 64 65 88 97 98 97 98 101 79 79 79 79 79 79 79 79 79 79 102 97 98 97 98 65 64 65 64 65 64 65 64 65 64 65 88 97 98 97 98 91 91 94 94 91 91 91 91 91 91 91 104 97 98 97 98 65 64 65 64 85 86 87 64 65 64 65 88 97 98 97 98 0 0 0 0 0 0 0 0 0 0 0 0 0 0 0 0 0 0 0 0 0 0 0 0 0 0 0 0 97 98
109 110 64 65 64 65 64 65 64 65 64 65 64 76 109 110 109 110 64 65 64 65 64 65 64 65 64 65 64 76 109 110 109 110 64 65 64 65 64 65 64 65 64 65 64 76 109 110 109 110 64 65 64 65 64 65 64 65 64 65 64 76 109 110 109 110 91 91 94 94 91 91 91 91 91 91 91 104 109 110 109 110 64 65 64 65 64 65 64 65 64 65 64 76 109 110 109 110 0 0 0 0 0 0 0 0 0 0 0 0 0 0 0 0 0 0 0 0 0 0 0 0 0 0 0 0 109 110
97 98 65 64 65 64 65 64 65 64 65 64 65 88 97 98 97 98 65 64 65 64 65 64 65 64 65 64 65 88 97 98 97 98 65 64 65 64 65 64 65 64 65 64 65 88 97 98 97 98 65 64 65 64 65 64 65 64 65 64 65 88 97 98 97 98 91 91 94 94 94 94 94 91 91 91 91 104 97 98 97 98 65 64 65 64 65 64 65 64 65 64 65 88 97 98 97 98 0 0 0 0 0 0 0 0 0 0 0 0 0 0 0 0 0 0 0 0 0 0 0 0 0 0 0 0 97 98
109 110 64 65 64 65 64 65 64 65 64 65 64 76 109 110 109 110 64 65 64 65 64 65 64 65 64 65 64 76 109 110 109 110 64 65 64 65 64 65 64 65 64 65 64 76 109 110 109 110 64 65 64 65 64 65 64 65 64 65 64 76 109 110 109 110 91 91 94 94 94 94 94 91 91 91 91 104 109 110 109 110 64 65 64 65 64 65 64 65 64 65 64 76 109 110 109 110 0 0 0 0 0 0 0 0 0 0 0 0 0 0 0 0 0 0 0 0 0 0 0 0 0 0 0 0 109 110
97 98 97 98 97 98 97 98 97 98 97 98 97 98 97 98 97 98 97 98 97 98 97 95 96 98 97 98 97 98 97 98 97 98 97 98 97 98 97 95 96 98 97 98 97 98 97 98 97 98 97 98 97 98 97 95 96 98 97 98 97 98 97 98 97 98 97 98 97 98 97 95 96 98 97 98 97 98 97 98 97 98 97 98 97 98 97 98 97 98 97 98 97 98 97 98 97 98 0 0 0 0 0 0 0 0 0 0 0 0 0 0 0 0 0 0 0 0 0 0 0 0 0 0 0 0 97 98
109 110 109 110 109 110 109 110 109 110 109 110 109 110 109 110 109 110 109 110 109 110 109 95 96 110 109 110 109 110 109 110 109 110 109 110 109 110 109 95 96 110 109 110 109 110 109 110 109 110 109 110 109 110 109 95 96 110 109 110 109 110 109 110 109 110 109 110 109 110 109 95 96 110 109 110 109 110 109 110 109 110 109 110 109 110 109 110 109 110 109 110 109 110 109 110 109 110 0 0 0 0 0 0 0 0 0 0 0 0 0 0 0 0 0 0 0 0 0 0 0 0 0 0 0 0 109 110
97 98 97 98 97 98 97 98 97 98 97 98 97 98 97 98 97 98 97 98 97 98 97 95 96 98 97 98 97 98 97 98 97 98 97 98 97 98 97 95 96 98 97 98 97 98 97 98 97 98 97 98 97 98 97 95 96 98 97 98 97 98 97 98 97 98 97 98 97 98 97 95 96 98 97 98 97 98 97 98 97 98 97 98 97 98 97 98 97 98 97 98 97 98 97 98 97 98 0 0 0 0 0 0 0 0 0 0 0 0 0 0 0 0 0 0 0 0 0 0 0 0 0 0 0 0 97 98
109 110 109 110 109 110 109 110 109 110 109 110 109 110 109 110 109 110 109 110 109 110 109 95 96 110 109 110 109 110 109 110 109 110 109 110 109 110 109 95 96 110 109 110 109 110 109 110 109 110 109 110 109 110 109 95 96 110 109 110 109 110 109 110 109 110 109 110 109 110 109 95 96 110 109 110 109 110 109 110 109 110 109 110 109 110 109 110 109 110 109 110 109 110 109 110 109 110 0 0 0 0 0 0 0 0 0 0 0 0 0 0 0 0 0 0 0 0 0 0 0 0 0 0 0 0 109 110
97 98 77 77 77 77 77 77 77 77 77 77 77 89 97 98 97 98 77 77 77 77 77 99 100 77 77 77 77 89 97 98 97 98 77 77 77 77 77 99 100 77 77 77 77 89 97 98 97 98 77 77 77 77 77 99 100 77 77 77 77 89 97 98 97 98 77 77 77 77 77 99 100 77 77 77 77 89 97 98 97 98 77 77 77 77 77 77 77 77 77 77 77 89 97 98 97 98 0 0 0 0 0 0 0 0 0 0 0 0 0 0 0 0 0 0 0 0 0 0 0 0 0 0 0 0 97 98
109 110 77 77 77 77 77 77 77 77 77 77 77 89 109 110 109 110 77 77 77 77 77 111 112 77 77 77 77 89 109 110 109 110 77 77 77 77 77 111 112 77 77 77 77 89 109 110 109 110 77 77 77 77 77 111 112 77 77 77 77 89 109 110 109 110 77 77 77 77 77 111 112 77 77 77 77 89 109 110 109 110 77 77 77 77 77 77 77 77 77 77 77 89 109 110 109 110 0 0 0 0 0 0 0 0 0 0 0 0 0 0 0 0 0 0 0 0 0 0 0 0 0 0 0 0 109 110
97 98 65 64 65 64 65 64 65 64 65 64 65 88 97 98 97 98 103 103 103 103 103 106 106 103 103 103 103 92 97 98 97 98 65 64 65 64 65 106 106 64 65 64 65 88 97 98 97 98 103 103 103 103 103 106 106 103 103 103 103 92 97 98 97 98 65 64 65 64 65 106 106 64 65 64 65 88 97 98 97 98 65 64 65 64 65 64 65 64 65 64 65 88 97 98 97 98 0 0 0 0 0 0 0 0 0 0 0 0 0 0 0 0 0 0 0 0 0 0 0 0 0 0 0 0 97 98
109 110 64 65 64 65 64 65 64 65 64 65 64 76 109 110 109 110 91 91 91 91 91 94 94 91 91 91 91 104 109 110 109 110 64 65 64 65 64 65 64 65 64 65 64 76 109 110 109 110 91 91 91 91 91 94 94 91 91 91 91 104 109 110 109 110 64 65 64 65 64 65 64 65 64 65 64 76 109 110 109 110 64 65 64 65 64 65 64 65 64 65 64 76 109 110 109 110 0 0 0 0 0 0 0 0 0 0 0 0 0 0 0 0 0 0 0 0 0 0 0 0 0 0 0 0 109 110
97 98 65 64 65 64 65 64 65 64 65 64 65 88 97 98 97 98 91 91 91 91 91 94 94 91 91 91 91 104 97 98 97 98 65 64 65 64 65 64 65 64 65 64 65 88 97 98 97 98 91 91 91 91 91 94 94 91 91 91 91 104 97 98 97 98 65 64 65 64 65 64 65 64 65 64 65 88 97 98 97 98 65 64 65 64 65 64 65 64 65 64 65 88 97 98 97 98 0 0 0 0 0 0 0 0 0 0 0 0 0 0 0 0 0 0 0 0 0 0 0 0 0 0 0 0 97 98
109 110 64 65 64 65 64 65 64 65 64 65 64 76 109 110 109 110 91 91 91 91 91 94 94 91 91 91 91 104 70 71 71 72 64 65 64 65 64 65 64 65 64 65 64 76 70 71 71 72 91 91 91 91 91 94 94 91 91 91 91 104 70 71 71 72 64 65 64 65 64 65 64 65 64 65 64 76 109 110 109 110 64 65 64 65 64 65 64 65 64 65 64 76 109 110 109 110 0 0 0 0 0 0 0 0 0 0 0 0 0 0 0 0 0 0 0 0 0 0 0 0 0 0 0 0 109 110
97 98 65 64 65 64 65 64 65 64 65 64 65 88 97 98 97 98 91 91 91 91 94 94 94 94 91 91 91 104 70 71 71 72 65 64 65 64 65 64 65 64 65 64 65 88 70 71 71 72 91 94 94 94 94 94 94 94 94 94 94 104 70 71 71 72 65 64 65 64 65 64 65 64 65 64 65 88 97 98 97 98 65 64 65 64 65 64 65 64 65 64 65 88 97 98 97 98 0 0 0 0 0 0 0 0 0 0 0 0 0 0 0 0 0 0 0 0 0 0 0 0 0 0 0 0 97 98
109 110 64 65 64 65 64 65 64 65 64 65 64 76 109 110 109 110 91 91 91 91 94 94 94 94 94 94 94 107 109 110 109 110 106 65 64 65 64 65 64 65 64 65 64 107 109 110 109 110 106 94 94 94 94 94 94 94 94 94 94 107 109 110 109 110 106 65 64 65 64 65 64 65 64 65 64 76 109 110 109 110 64 65 64 65 64 65 64 65 64 65 64 76 109 110 109 110 0 0 0 0 0 0 0 0 0 0 0 0 0 0 0 0 0 0 0 0 0 0 0 0 0 0 0 0 109 110
97 98 65 64 65 64 65 64 65 64 65 64 65 88 97 98 97 98 91 91 91 91 94 94 94 94 94 94 94 107 97 98 97 98 106 64 65 64 65 64 65 64 65 64 65 107 97 98 97 98 106 94 94 94 91 91 91 91 94 94 94 107 97 98 97 98 106 64 65 64 65 64 65 64 65 64 65 88 97 98 97 98 65 64 65 64 65 64 65 64 65 64 65 88 97 98 97 98 0 0 0 0 0 0 0 0 0 0 0 0 0 0 0 0 0 0 0 0 0 0 0 0 0 0 0 0 97 98
109 110 64 65 64 65 64 65 64 65 64 65 64 76 109 110 109 110 91 91 91 91 94 94 94 94 91 91 91 104 109 110 109 110 64 65 64 65 64 65 64 65 64 65 64 76 109 110 109 110 91 94 94 94 91 91 91 91 94 94 94 104 109 110 109 110 64 65 64 65 64 65 64 65 64 65 64 76 109 110 109 110 64 65 64 65 64 65 64 65 64 65 64 76 109 110 109 110 0 0 0 0 0 0 0 0 0 0 0 0 0 0 0 0 0 0 0 0 0 0 0 0 0 0 0 0 109 110
97 98 65 64 65 64 65 64 65 64 65 64 65 88 97 98 97 98 91 91 91 91 91 91 91 91 91 91 91 104 97 98 97 98 65 64 65 64 65 64 65 64 65 64 65 88 97 98 97 98 91 91 91 91 91 91 91 91 91 91 91 104 97 98 97 98 65 64 65 64 65 64 65 64 65 64 65 88 97 98 97 98 65 64 65 64 65 64 65 64 65 64 65 88 97 98 97 98 0 0 0 0 0 0 0 0 0 0 0 0 0 0 0 0 0 0 0 0 0 0 0 0 0 0 0 0 97 98
109 110 64 65 64 65 64 65 64 65 64 65 64 76 109 110 109 110 91 91 91 91 91 91 91 91 91 91 91 104 109 110 109 110 64 65 64 65 64 65 64 65 64 65 64 76 109 110 109 110 91 91 91 91 91 91 91 91 91 91 91 104 109 110 109 110 64 65 64 65 64 65 64 65 64 65 64 76 109 110 109 110 64 65 64 65 64 65 64 65 64 65 64 76 109 110 109 110 0 0 0 0 0 0 0 0 0 0 0 0 0 0 0 0 0 0 0 0 0 0 0 0 0 0 0 0 109 110
97 98 97 98 97 98 97 95 96 98 97 98 97 98 97 98 97 98 97 98 97 98 97 98 97 98 97 98 97 98 97 98 97 98 97 98 97 98 97 95 96 98 97 98 97 98 97 98 97 98 97 98 97 98 97 98 97 98 97 98 97 98 97 98 97 98 97 98 97 98 97 98 97 98 97 98 97 98 97 98 97 98 97 98 97 98 97 95 96 98 97 98 97 98 97 98 97 98 0 0 0 0 0 0 0 0 0 0 0 0 0 0 0 0 0 0 0 0 0 0 0 0 0 0 0 0 97 98
109 110 109 110 109 110 109 95 96 110 109 110 109 110 109 110 109 110 109 110 109 110 109 110 109 110 109 110 109 110 109 110 109 110 109 110 109 110 109 95 96 110 109 110 109 110 109 110 109 110 109 110 109 110 109 110 109 110 109 110 109 110 109 110 109 110 109 110 109 110 109 110 109 110 109 110 109 110 109 110 109 110 109 110 109 110 109 95 96 110 109 110 109 110 109 110 109 110 0 0 0 0 0 0 0 0 0 0 0 0 0 0 0 0 0 0 0 0 0 0 0 0 0 0 0 0 109 110
97 98 97 98 97 98 97 95 96 98 97 98 97 98 97 98 97 98 97 98 97 98 97 98 97 98 97 98 97 98 97 98 97 98 97 98 97 98 97 95 96 98 97 98 97 98 97 98 97 98 97 98 97 98 97 98 97 98 97 98 97 98 97 98 97 98 97 98 97 98 97 98 97 98 97 98 97 98 97 98 97 98 97 98 97 98 97 95 96 98 97 98 97 98 97 98 97 98 0 0 0 0 0 0 0 0 0 0 0 0 0 0 0 0 0 0 0 0 0 0 0 0 0 0 0 0 97 98
109 110 109 110 109 110 109 95 96 110 109 110 109 110 109 110 109 110 109 110 109 110 109 110 109 110 109 110 109 110 109 110 109 110 109 110 109 110 109 95 96 110 109 110 109 110 109 110 109 110 109 110 109 110 109 110 109 110 109 110 109 110 109 110 109 110 109 110 109 110 109 110 109 110 109 110 109 110 109 110 109 110 109 110 109 110 109 95 96 110 109 110 109 110 109 110 109 110 0 0 0 0 0 0 0 0 0 0 0 0 0 0 0 0 0 0 0 0 0 0 0 0 0 0 0 0 109 110
97 98 77 77 77 77 77 99 100 77 77 77 77 89 97 98 97 98 77 77 77 77 77 77 77 77 77 77 77 89 97 98 97 98 77 77 77 77 77 99 100 77 77 77 77 89 97 98 97 98 77 77 77 77 77 77 77 77 77 77 77 89 97 98 97 98 77 77 77 77 77 77 77 77 77 77 77 89 97 98 97 98 77 77 77 77 77 99 100 77 77 77 77 89 97 98 97 98 0 0 0 0 0 0 0 0 0 0 0 0 0 0 0 0 0 0 0 0 0 0 0 0 0 0 0 0 97 98
109 110 77 77 77 77 77 111 112 77 77 77 77 89 109 110 109 110 77 77 77 77 77 77 77 77 77 77 77 89 109 110 109 110 77 77 77 77 77 111 112 77 77 77 77 89 109 110 109 110 77 77 77 77 77 77 77 77 77 77 77 89 109 110 109 110 77 77 77 77 77 77 77 77 77 77 77 89 109 110 109 110 77 77 77 77 77 111 112 77 77 77 77 89 109 110 109 110 0 0 0 0 0 0 0 0 0 0 0 0 0 0 0 0 0 0 0 0 0 0 0 0 0 0 0 0 109 110
97 98 103 103 103 103 103 106 106 103 103 103 103 92 97 98 97 98 65 64 65 64 65 64 65 64 65 64 65 88 97 98 97 98 103 103 103 103 103 106 106 103 103 103 103 92 97 98 97 98 65 64 65 64 65 64 65 64 65 64 65 88 97 98 97 98 65 64 65 64 65 64 65 64 65 64 65 88 97 98 97 98 103 103 103 103 103 106 106 94 94 94 103 92 97 98 97 98 0 0 0 0 0 0 0 0 0 0 0 0 0 0 0 0 0 0 0 0 0 0 0 0 0 0 0 0 97 98
109 110 94 94 94 94 94 94 94 91 91 91 91 104 109 110 109 110 64 65 64 65 64 65 64 65 64 65 64 76 109 110 109 110 91 91 91 91 91 94 94 91 91 91 91 104 109 110 109 110 64 65 64 65 64 65 64 65 64 65 64 76 109 110 109 110 64 65 64 65 64 65 64 65 64 65 64 76 109 110 109 110 91 91 91 91 91 94 94 94 94 94 91 104 109 110 109 110 0 0 0 0 0 0 0 0 0 0 0 0 0 0 0 0 0 0 0 0 0 0 0 0 0 0 0 0 109 110
97 98 94 94 94 94 94 94 94 94 94 91 91 104 97 98 97 98 65 64 65 64 65 64 65 64 65 64 65 88 97 98 97 98 91 91 91 91 91 94 94 91 94 94 91 104 97 98 97 98 65 64 65 64 65 64 65 64 65 64 65 88 97 98 97 98 65 64 65 64 65 64 65 64 65 64 65 88 97 98 97 98 91 91 91 91 91 91 91 91 94 94 91 104 97 98 97 98 0 0 0 0 0 0 0 0 0 0 0 0 0 0 0 0 0 0 0 0 0 0 0 0 0 0 0 0 97 98
109 110 94 94 91 91 91 91 91 91 94 91 91 104 70 71 71 72 64 65 64 65 64 65 64 65 64 65 64 76 109 110 109 110 91 91 91 91 91 94 94 91 94 94 91 104 109 110 109 110 64 65 64 65 64 65 64 65 64 65 64 76 70 71 71 72 64 65 64 65 64 65 64 65 64 65 64 76 70 71 71 72 91 91 91 91 91 91 91 91 94 94 91 104 109 110 109 110 0 0 0 0 0 0 0 0 0 0 0 0 0 0 0 0 0 0 0 0 0 0 0 0 0 0 0 0 109 110
97 98 94 94 91 91 91 91 91 91 94 91 91 104 70 71 71 72 65 64 65 64 65 64 65 64 65 64 65 88 97 98 97 98 94 94 91 91 91 94 94 91 91 91 91 104 97 98 97 98 65 64 65 64 65 64 65 64 65 64 65 88 70 71 71 72 65 64 65 64 65 64 65 64 65 64 65 88 70 71 71 72 91 94 94 94 91 91 91 91 94 94 91 104 97 98 97 98 0 0 0 0 0 0 0 0 0 0 0 0 0 0 0 0 0 0 0 0 0 0 0 0 0 0 0 0 97 98
109 110 94 94 94 94 94 94 94 94 94 94 94 107 109 110 109 110 106 65 64 65 64 65 64 65 64 65 64 76 109 110 109 110 94 94 91 91 91 94 94 91 91 91 91 104 109 110 109 110 64 65 64 65 64 65 64 65 64 65 64 107 109 110 109 110 106 65 64 65 64 65 64 65 64 65 64 107 109 110 109 110 106 94 94 94 91 91 91 91 94 94 91 104 109 110 109 110 0 0 0 0 0 0 0 0 0 0 0 0 0 0 0 0 0 0 0 0 0 0 0 0 0 0 0 0 109 110
97 98 94 94 94 94 94 94 94 94 94 94 94 107 97 98 97 98 106 64 65 64 65 64 65 64 65 64 65 88 97 98 97 98 91 91 91 91 91 94 94 91 94 94 91 104 97 98 97 98 65 64 65 64 65 64 65 64 65 64 65 107 97 98 97 98 106 64 65 64 65 64 65 64 65 64 65 107 97 98 97 98 106 94 94 94 94 94 94 94 94 94 91 104 97 98 97 98 0 0 0 0 0 0 0 0 0 0 0 0 0 0 0 0 0 0 0 0 0 0 0 0 0 0 0 0 97 98
109 110 91 91 91 91 91 91 91 91 91 91 91 104 109 110 109 110 64 65 64 65 64 65 64 65 64 65 64 76 109 110 109 110 91 91 91 91 91 94 94 91 94 94 91 104 109 110 109 110 64 65 64 65 64 65 64 65 64 65 64 76 109 110 109 110 64 65 64 65 64 65 64 65 64 65 64 76 109 110 109 110 91 94 94 94 94 94 94 94 94 94 91 104 109 110 109 110 0 0 0 0 0 0 0 0 0 0 0 0 0 0 0 0 0 0 0 0 0 0 0 0 0 0 0 0 109 110
97 98 91 91 91 91 91 91 91 91 91 91 91 104 97 98 97 98 65 64 65 64 65 64 65 64 65 64 65 88 97 98 97 98 91 91 91 91 91 94 94 91 91 91 91 104 97 98 97 98 65 64 65 64 65 64 65 64 65 64 65 88 97 98 97 98 65 64 65 64 65 64 65 64 65 64 65 88 97 98 97 98 91 91 91 91 91 91 91 91 91 91 91 104 97 98 97 98 0 0 0 0 0 0 0 0 0 0 0 0 0 0 0 0 0 0 0 0 0 0 0 0 0 0 0 0 97 98
109 110 91 91 91 91 91 91 91 91 91 91 91 104 109 110 109 110 64 65 64 65 64 65 64 65 64 65 64 76 109 110 109 110 91 91 91 91 91 94 94 91 91 91 91 104 109 110 109 110 64 65 64 65 64 65 64 65 64 65 64 76 109 110 109 110 64 65 64 65 64 65 64 65 64 65 64 76 109 110 109 110 91 91 91 91 91 91 91 91 91 91 91 104 109 110 109 110 0 0 0 0 0 0 0 0 0 0 0 0 0 0 0 0 0 0 0 0 0 0 0 0 0 0 0 0 109 110
97 98 97 98 97 98 97 98 97 98 97 98 97 98 97 98 97 98 97 98 97 98 97 95 96 98 97 98 97 98 97 98 97 98 97 98 97 98 97 95 96 98 97 98 97 98 97 98 97 98 97 98 97 98 97 95 96 98 97 98 97 98 97 98 97 98 97 98 97 98 97 98 97 98 97 98 97 98 97 98 97 98 97 98 97 98 97 98 97 98 97 98 97 98 97 98 97 98 0 0 0 0 0 0 0 0 0 0 0 0 0 0 0 0 0 0 0 0 0 0 0 0 0 0 0 0 97 98
109 110 109 110 109 110 109 110 109 110 109 110 109 110 109 110 109 110 109 110 109 110 109 95 96 110 109 110 109 110 109 110 109 110 109 110 109 110 109 95 96 110 109 110 109 110 109 110 109 110 109 110 109 110 109 95 96 110 109 110 109 110 109 110 109 110 109 110 109 110 109 110 109 110 109 110 109 110 109 110 109 110 109 110 109 110 109 110 109 110 109 110 109 110 109 110 109 110 0 0 0 0 0 0 0 0 0 0 0 0 0 0 0 0 0 0 0 0 0 0 0 0 0 0 0 0 109 110
97 98 97 98 97 98 97 98 97 98 97 98 97 98 97 98 97 98 97 98 97 98 97 95 96 98 97 98 97 98 97 98 97 98 97 98 97 98 97 95 96 98 97 98 97 98 97 98 97 98 97 98 97 98 97 95 96 98 97 98 97 98 97 98 97 98 97 98 97 98 97 98 97 98 97 98 97 98 97 98 97 98 97 98 97 98 97 98 97 98 97 98 97 98 97 98 97 98 0 0 0 0 0 0 0 0 0 0 0 0 0 0 0 0 0 0 0 0 0 0 0 0 0 0 0 0 97 98
109 110 109 110 109 110 109 110 109 110 109 110 109 110 109 110 109 110 109 110 109 110 109 95 96 110 109 110 109 110 109 110 109 110 109 110 109 110 109 95 96 110 109 110 109 110 109 110 109 110 109 110 109 110 109 95 96 110 109 110 109 110 109 110 109 110 109 110 109 110 109 110 109 110 109 110 109 110 109 110 109 110 109 110 109 110 109 110 109 110 109 110 109 110 109 110 109 110 0 0 0 0 0 0 0 0 0 0 0 0 0 0 0 0 0 0 0 0 0 0 0 0 0 0 0 0 109 110
97 98 77 77 77 77 77 77 77 77 77 77 77 89 97 98 97 98 77 77 77 77 77 99 100 77 77 77 77 89 97 98 97 98 77 77 77 77 77 99 100 77 77 77 77 89 97 98 97 98 77 77 77 77 77 99 100 77 77 77 77 89 97 98 97 98 77 77 77 77 77 77 77 77 77 77 77 89 97 98 97 98 77 77 77 77 77 77 77 77 77 77 77 89 97 98 97 98 0 0 0 0 0 0 0 0 0 0 0 0 0 0 0 0 0 0 0 0 0 0 0 0 0 0 0 0 97 98
109 110 77 77 77 77 77 77 77 77 77 77 77 89 109 110 109 110 77 77 77 77 77 111 112 77 77 77 77 89 109 110 109 110 77 77 77 77 77 111 112 77 77 77 77 89 109 110 109 110 77 77 77 77 77 111 112 77 77 77 77 89 109 110 109 110 77 77 77 77 77 77 77 77 77 77 77 89 109 110 109 110 77 77 77 77 77 77 77 77 77 77 77 89 109 110 109 110 0 0 0 0 0 0 0 0 0 0 0 0 0 0 0 0 0 0 0 0 0 0 0 0 0 0 0 0 109 110
97 98 65 64 65 64 65 64 65 64 65 64 65 88 97 98 97 98 65 64 65 64 65 106 106 64 65 64 65 88 97 98 97 98 65 64 65 83 65 106 106 64 65 64 65 88 97 98 97 98 103 103 103 103 103 106 106 103 103 103 103 92 97 98 97 98 65 64 65 64 65 64 65 64 65 64 65 88 97 98 97 98 65 64 65 64 65 64 65 64 65 64 65 88 97 98 97 98 0 0 0 0 0 0 0 0 0 0 0 0 0 0 0 0 0 0 0 0 0 0 0 0 0 0 0 0 97 98
109 110 64 65 64 65 64 65 64 65 64 65 64 76 109 110 109 110 64 65 64 65 64 65 64 65 64 65 64 76 109 110 109 110 64 65 64 65 64 65 64 65 64 65 64 76 109 110 109 110 91 91 91 91 91 94 94 91 91 91 91 104 109 110 109 110 64 65 64 65 64 65 64 65 64 65 64 76 109 110 109 110 64 65 64 65 64 65 64 65 64 65 64 76 109 110 109 110 0 0 0 0 0 0 0 0 0 0 0 0 0 0 0 0 0 0 0 0 0 0 0 0 0 0 0 0 109 110
97 98 65 64 65 64 65 64 65 64 65 64 65 88 97 98 97 98 65 64 65 64 65 64 65 64 65 64 65 88 97 98 97 98 65 83 65 64 65 64 65 83 65 83 65 88 97 98 97 98 91 91 91 91 91 94 94 91 91 91 91 104 97 98 97 98 65 64 65 64 65 64 65 64 65 64 65 88 97 98 97 98 65 64 65 64 65 64 65 64 65 64 65 88 97 98 97 98 0 0 0 0 0 0 0 0 0 0 0 0 0 0 0 0 0 0 0 0 0 0 0 0 0 0 0 0 97 98
109 110 64 65 64 65 64 65 64 65 64 65 64 76 70 71 71 72 64 65 64 65 64 65 64 65 64 65 64 76 70 71 71 72 64 65 64 65 64 65 64 65 64 65 64 76 70 71 71 72 91 91 91 91 91 94 94 91 91 91 91 104 70 71 71 72 64 65 64 65 64 65 64 65 64 65 64 76 70 71 71 72 64 65 64 65 64 65 64 65 64 65 64 76 109 110 109 110 0 0 0 0 0 0 0 0 0 0 0 0 0 0 0 0 0 0 0 0 0 0 0 0 0 0 0 0 109 110
97 98 65 64 65 64 61 62 63 64 65 64 65 88 70 71 71 72 65 64 65 64 65 64 65 64 65 64 65 88 70 71 71 72 65 64 65 83 65 64 65 64 65 64 65 88 70 71 71 72 91 94 94 94 94 94 94 94 94 94 94 104 70 71 71 72 65 64 65 64 65 64 65 64 65 64 65 88 70 71 71 72 65 64 65 64 65 64 65 64 65 64 65 88 97 98 97 98 0 0 0 0 0 0 0 0 0 0 0 0 0 0 0 0 0 0 0 0 0 0 0 0 0 0 0 0 97 98
109 110 64 65 64 65 73 74 75 65 64 65 64 107 109 110 109 110 106 65 64 65 64 65 64 65 64 65 64 107 109 110 109 110 106 65 64 65 64 65 64 65 64 65 64 107 109 110 109 110 106 94 94 94 94 94 94 94 94 94 94 107 109 110 109 110 106 65 64 65 64 65 64 65 64 65 64 107 109 110 109 110 106 65 64 65 64 65 64 65 64 65 64 76 109 110 109 110 0 0 0 0 0 0 0 0 0 0 0 0 0 0 0 0 0 0 0 0 0 0 0 0 0 0 0 0 109 110
97 98 65 64 65 64 85 86 87 64 65 64 65 107 97 98 97 98 106 64 65 64 65 64 65 64 65 64 65 107 97 98 97 98 106 64 65 64 65 83 65 83 65 64 65 107 97 98 97 98 106 94 94 94 91 91 91 91 94 94 94 107 97 98 97 98 106 64 65 64 65 64 65 64 65 64 65 107 97 98 97 98 106 64 65 64 65 64 65 64 65 64 65 88 97 98 97 98 0 0 0 0 0 0 0 0 0 0 0 0 0 0 0 0 0 0 0 0 0 0 0 0 0 0 0 0 97 98
109 110 64 65 64 65 64 65 64 65 64 65 64 76 109 110 109 110 64 65 64 65 64 65 64 65 64 65 64 76 109 110 109 110 64 65 64 65 64 65 64 65 64 65 64 76 109 110 109 110 91 94 94 94 91 91 91 91 94 94 94 104 109 110 109 110 64 65 64 65 64 65 64 65 64 65 64 76 109 110 109 110 64 65 64 65 64 65 64 65 64 65 64 76 109 110 109 110 0 0 0 0 0 0 0 0 0 0 0 0 0 0 0 0 0 0 0 0 0 0 0 0 0 0 0 0 109 110
97 98 65 64 65 64 65 64 65 64 65 64 65 88 97 98 97 98 65 64 65 64 65 64 65 64 65 64 65 88 97 98 97 98 65 83 65 64 65 64 65 64 65 83 65 88 97 98 97 98 91 91 91 91 91 91 91 91 91 91 91 104 97 98 97 98 65 64 65 64 65 64 65 64 65 64 65 88 97 98 97 98 65 64 65 64 65 64 65 64 65 64 65 88 97 98 97 98 0 0 0 0 0 0 0 0 0 0 0 0 0 0 0 0 0 0 0 0 0 0 0 0 0 0 0 0 97 98
109 110 64 65 64 65 64 65 64 65 64 65 64 76 109 110 109 110 64 65 64 65 64 65 64 65 64 65 64 76 109 110 109 110 64 65 64 65 64 65 64 65 64 65 64 76 109 110 109 110 91 91 91 91 91 91 91 91 91 91 91 104 109 110 109 110 64 65 64 65 64 65 64 65 64 65 64 76 109 110 109 110 64 65 64 65 64 65 64 65 64 65 64 76 109 110 109 110 0 0 0 0 0 0 0 0 0 0 0 0 0 0 0 0 0 0 0 0 0 0 0 0 0 0 0 0 109 110
97 98 97 98 97 98 97 98 97 98 97 98 97 98 97 98 97 98 97 98 97 98 97 98 97 98 97 98 97 98 97 98 97 98 97 98 97 98 97 98 97 98 97 98 97 98 97 98 97 98 97 98 97 98 97 98 97 98 97 98 97 98 97 98 97 98 97 98 97 98 97 98 97 98 97 98 97 98 97 98 97 98 97 98 97 98 97 98 97 98 97 98 97 98 97 98 97 98 0 0 0 0 0 0 0 0 0 0 0 0 0 0 0 0 0 0 0 0 0 0 0 0 0 0 0 0 97 98
109 110 109 110 109 110 109 110 109 110 109 110 109 110 109 110 109 110 109 110 109 110 109 110 109 110 109 110 109 110 109 110 109 110 109 110 109 110 109 110 109 110 109 110 109 110 109 110 109 110 109 110 109 110 109 110 109 110 109 110 109 110 109 110 109 110 109 110 109 110 109 110 109 110 109 110 109 110 109 110 109 110 109 110 109 110 109 110 109 110 109 110 109 110 109 110 109 110 0 0 0 0 0 0 0 0 0 0 0 0 0 0 0 0 0 0 0 0 0 0 0 0 0 0 0 0 109 110
97 98 97 98 97 98 97 98 97 98 97 98 97 98 97 98 97 98 97 98 97 98 97 98 97 98 97 98 97 98 97 98 97 98 97 98 97 98 97 98 97 98 97 98 97 98 97 98 97 98 97 98 97 98 97 98 97 98 97 98 97 98 97 98 97 98 97 98 97 98 97 98 97 98 97 98 97 98 97 98 97 98 97 98 97 98 97 98 97 98 97 98 97 98 97 98 97 97 98 97 98 97 98 97 98 97 98 97 98 97 98 97 98 97 98 97 98 97 98 97 98 97 98 97 98 97 98 97
109 110 109 110 109 110 109 110 109 110 109 110 109 110 109 110 109 110 109 110 109 110 109 110 109 110 109 110 109 110 109 110 109 110 109 110 109 110 109 110 109 110 109 110 109 110 109 110 109 110 109 110 109 110 109 110 109 110 109 110 109 110 109 110 109 110 109 110 109 110 109 110 109 110 109 110 109 110 109 110 109 110 109 110 109 110 109 110 109 110 109 110 109 110 109 110 109 109 110 109 110 109 110 109 110 109 110 109 110 109 110 109 110 109 110 109 110 109 110 109 110 109 110 109 110 109 110 109