1 1 464 125 50 40
2 1 514 125 46 40
3 1 976 126 48 40
4 1 1024 126 48 40
5 1 1488 124 48 40
6 1 1536 124 48 40
7 1 976 380 48 40
8 1 1024 380 48 40
9 1 1488 377 48 45
10 1 1536 377 48 40
11 1 0 1147 48 40
12 1 464 1146 48 45
13 1 512 1146 48 45
14 1 1488 634 47 40
15 1 1535 634 49 40
16 1 976 890 48 40
17 1 1024 890 48 40
18 1 464 1402 48 40
19 1 512 1402 48 40
20 1 976 1403 48 40
21 1 1024 1403 48 40
22 1 1744 1403 48 40
23 1 1792 1403 48 40
24 1 208 1661 47 40
25 1 255 1661 49 40
26 1 464 1914 48 38
27 1 512 1914 48 39
28 1 1744 1914 48 39
29 1 1792 1914 48 39
31 1 2000 1140 48 44