1 2 480 82 64 62
2 2 480 594 64 62
3 2 880 694 32 76
4 2 224 850 64 62
5 2 480 850 64 62
6 2 736 850 64 62
7 2 112 960 32 76
8 2 624 960 32 76
9 2 1136 960 32 76
10 2 368 1216 32 76
11 2 624 1216 32 76
12 2 880 1216 32 76
13 2 1136 1216 32 76
14 2 480 1362 64 62
15 2 736 1362 64 62
16 2 992 1362 64 62
17 2 112 1472 32 76
18 2 624 1472 32 76
19 2 1392 1472 32 76
20 2 224 1618 64 62
21 2 992 1618 64 62
22 2 1248 1618 64 62
24 2 368 1728 32 76
25 2 624 1728 32 76
26 2 880 1728 32 76
27 2 224 1874 64 62
28 2 480 1874 64 62
29 2 736 1874 64 62
30 2 992 1874 64 62
31 2 1248 1874 64 62
32 2 224 1104 64 62
33 2 880 704 32 76