1 1 0 0 512 47 0 0 1 0 2 0 3 0 4 0 5 0 6 0 7 0 8 0
2 1 0 0 111 63 0 0 1 0
3 1 144 0 31 63 2 0
4 1 208 0 31 63 3 0
5 1 272 0 240 63 4 0 5 0 6 0 7 0 8 0
6 1 0 0 31 1311 0 0 0 1 0 2 0 3 0 4 0 5 0 6 0 7 0 8 0 9 0 10 0 11 0 12 0 13 0 14 0 15 0 16 0 17 0 18 0 19 0 20
7 1 480 0 32 2047 7 0 8 0 7 1 8 1 7 2 8 2 7 3 8 3 7 4 8 4 7 5 8 5 7 6 8 6 7 7 8 7 7 8 8 8 7 9 8 9 7 10 8 10 7 11 8 11 7 12 8 12 7 13 8 13 7 14 8 14 7 15 8 15 7 16 8 16 7 17 8 17 7 18 8 18 7 19 8 19 7 20 8 20 7 21 8 21 7 22 8 22 7 23 8 23 7 24 8 24 7 25 8 25 7 26 8 26 7 27 8 27 7 28 8 28 7 29 8 29 7 30 8 30 7 31 8 31
8 1 0 160 159 31 0 2 1 2 2 2
9 1 96 97 255 30 1 1 2 1 3 1 4 1 5 1
10 1 256 97 32 108 4 1 4 2 4 3
11 1 415 96 65 30 6 1 7 1
12 1 352 161 832 31 5 2 6 2 7 2 8 2 9 2 10 2 11 2 12 2 13 2 14 2 15 2 16 2 17 2 18 2
13 1 96 224 416 15 1 3 2 3 3 3 4 3 5 3 6 3 7 3 8 3
14 1 336 224 176 31 5 3 6 3 7 3 8 3
15 1 272 224 31 31 4 3
16 1 208 224 31 31 3 3
17 1 144 224 30 31 2 3
18 1 96 224 14 31 1 3
19 1 0 289 351 30 0 4 1 4 2 4 3 4 4 4 5 4
20 1 352 353 63 30 5 5 6 5
21 1 96 417 255 30 1 6 2 6 3 6 4 6 5 6
22 1 0 481 95 30 0 7 1 7
23 1 0 545 223 30 0 8 1 8 2 8 3 8
24 1 288 545 127 30 4 8 5 8 6 8
25 1 416 609 96 30 6 9 7 9 8 9
26 1 96 673 319 30 1 10 2 10 3 10 4 10 5 10 6 10
27 1 256 673 31 110 4 10 4 11 4 12
28 1 0 737 95 30 0 11 1 11
29 1 416 737 96 30 6 11 7 11 8 11
30 1 96 801 63 30 1 12 2 12
31 1 224 801 191 30 3 12 4 12 5 12 6 12
32 1 320 801 31 110 5 12 5 13 5 14
33 1 0 865 223 30 0 13 1 13 2 13 3 13
34 1 416 865 96 30 6 13 7 13 8 13
35 1 160 929 255 30 2 14 3 14 4 14 5 14 6 14
36 1 256 929 31 110 4 14 4 15 4 16
37 1 0 993 111 30 0 15 1 15
38 1 143 993 16 30 2 15
39 1 0 993 159 14 0 15 1 15 2 15
40 1 416 993 96 30 6 15 7 15 8 15
41 1 96 1057 319 30 1 16 2 16 3 16 4 16 5 16 6 16
42 1 320 1057 31 110 5 16 5 17 5 18
43 1 0 1121 95 30 0 17 1 17
44 1 416 1121 96 30 6 17 7 17 8 17
45 1 0 1184 159 30 0 18 1 18 2 18
46 1 224 1185 288 30 3 18 4 18 5 18 6 18 7 18 8 18
47 1 0 1249 512 62 0 19 1 19 2 19 3 19 4 19 5 19 6 19 7 19 8 19 0 20 1 20 2 20 3 20 4 20 5 20 6 20 7 20 8 20
48 1 0 1392 160 15 0 21 1 21 2 21
49 1 32 1392 128 47 0 21 1 21 2 21 0 22 1 22 2 22
50 1 32 1376 16 63 0 21 0 22
51 1 80 1376 80 63 1 21 2 21 1 22 2 22
52 1 96 1376 64 479 1 21 2 21 1 22 2 22 1 23 2 23 1 24 2 24 1 25 2 25 1 26 2 26 1 27 2 27 1 28 2 28
53 1 96 1456 96 15 1 22 2 22 3 22
54 1 0 1520 64 14 0 23 1 23
55 1 0 1520 32 47 0 23 0 24
56 1 16 1504 16 63 0 23 0 24
57 1 64 1584 128 15 1 24 2 24 3 24
58 1 16 1632 32 63 0 25 0 26
59 1 0 1648 160 47 0 25 1 25 2 25 0 26 1 26 2 26
60 1 80 1632 80 63 1 25 2 25 1 26 2 26
61 1 96 1696 256 159 1 26 2 26 3 26 4 26 5 26 1 27 2 27 3 27 4 27 5 27 1 28 2 28 3 28 4 28 5 28
62 1 0 1760 543 95 0 27 1 27 2 27 3 27 4 27 5 27 6 27 7 27 8 27 0 28 1 28 2 28 3 28 4 28 5 28 6 28 7 28 8 28
63 1 288 1729 255 126 4 27 5 27 6 27 7 27 8 27 4 28 5 28 6 28 7 28 8 28
64 1 192 1648 96 15 3 25 4 25
65 1 192 1520 351 15 3 23 4 23 5 23 6 23 7 23 8 23
66 1 192 1392 96 15 3 21 4 21
67 1 223 1311 320 32 3 20 4 20 5 20 6 20 7 20 8 20
68 1 416 1441 127 159 6 22 7 22 8 22 6 23 7 23 8 23 6 24 7 24 8 24
69 1 222 1473 320 126 3 23 4 23 5 23 6 23 7 23 8 23 3 24 4 24 5 24 6 24 7 24 8 24
70 1 0 1985 543 62 0 31 1 31 2 31 3 31 4 31 5 31 6 31 7 31 8 31
71 1 416 1952 127 95 6 30 7 30 8 30 6 31 7 31 8 31
72 1 480 32 63 159 7 0 8 0 7 1 8 1 7 2 8 2
73 1 480 48 80 63 7 0 8 0 7 1 8 1
74 1 480 48 575 31 7 0 8 0 9 0 10 0 11 0 12 0 13 0 14 0 15 0 16 0 7 1 8 1 9 1 10 1 11 1 12 1 13 1 14 1 15 1 16 1
75 1 576 31 32 48 9 0 9 1
76 1 640 31 32 48 10 0 10 1
77 1 704 32 32 47 11 0 11 1
78 1 768 32 32 47 12 0 12 1
79 1 832 32 32 47 13 0 13 1
80 1 896 32 32 47 14 0 14 1
81 1 960 32 32 47 15 0 15 1
82 1 991 48 64 143 15 0 16 0 15 1 16 1 15 2 16 2
83 1 480 161 704 31 7 2 8 2 9 2 10 2 11 2 12 2 13 2 14 2 15 2 16 2 17 2 18 2
84 1 928 48 16 63 14 0 14 1
85 1 864 48 16 63 13 0 13 1
86 1 800 48 16 63 12 0 12 1
87 1 736 48 16 63 11 0 11 1
88 1 672 48 16 63 10 0 10 1
89 1 608 48 16 63 9 0 9 1
90 1 480 256 575 63 7 4 8 4 9 4 10 4 11 4 12 4 13 4 14 4 15 4 16 4
91 1 1024 0 31 1055 16 0 16 1 16 2 16 3 16 4 16 5 16 6 16 7 16 8 16 9 16 10 16 11 16 12 16 13 16 14 16 15 16 16
92 1 480 256 63 1791 7 4 8 4 7 5 8 5 7 6 8 6 7 7 8 7 7 8 8 8 7 9 8 9 7 10 8 10 7 11 8 11 7 12 8 12 7 13 8 13 7 14 8 14 7 15 8 15 7 16 8 16 7 17 8 17 7 18 8 18 7 19 8 19 7 20 8 20 7 21 8 21 7 22 8 22 7 23 8 23 7 24 8 24 7 25 8 25 7 26 8 26 7 27 8 27 7 28 8 28 7 29 8 29 7 30 8 30 7 31 8 31
93 1 512 417 48 30 8 6
94 1 576 417 31 30 9 6
95 1 736 417 63 30 11 6 12 6
96 1 928 352 127 31 14 5 15 5 16 5
97 1 928 417 127 30 14 6 15 6 16 6
98 1 800 481 127 30 12 7 13 7 14 7
99 1 735 545 64 30 11 8 12 8
100 1 512 609 95 30 8 9 9 9
101 1 672 609 191 30 10 9 11 9 12 9 13 9
102 1 512 624 351 15 8 9 9 9 10 9 11 9 12 9 13 9
103 1 927 609 128 30 14 9 15 9 16 9
104 1 864 673 63 30 13 10 14 10
105 1 512 737 95 30 8 11 9 11
106 1 672 737 63 30 10 11 11 11
107 1 800 737 224 30 12 11 13 11 14 11 15 11 16 11
108 1 608 801 63 30 9 12 10 12
109 1 512 865 287 30 8 13 9 13 10 13 11 13 12 13
110 1 928 865 192 31 14 13 15 13 16 13 17 13
111 1 800 929 319 30 12 14 13 14 14 14 15 14 16 14 17 14
112 1 608 993 63 30 9 15 10 15
113 1 736 993 63 30 11 15 12 15
114 1 608 1008 191 15 9 15 10 15 11 15 12 15
115 1 512 1057 95 30 8 16 9 16
116 1 512 1121 288 30 8 17 9 17 10 17 11 17 12 17
117 1 864 1121 64 30 13 17 14 17
118 1 512 1136 415 15 8 17 9 17 10 17 11 17 12 17 13 17
119 1 512 1185 95 30 8 18 9 18
120 1 608 1249 191 30 9 19 10 19 11 19 12 19
121 1 928 1185 96 30 14 18 15 18 16 18
122 1 863 1248 161 30 13 19 14 19 15 19 16 19
123 1 800 1313 63 30 12 20 13 20
124 1 512 1313 159 30 8 20 9 20 10 20
125 1 671 1377 192 30 10 21 11 21 12 21 13 21
126 1 512 1377 95 30 8 21 9 21
127 1 512 1441 159 30 8 22 9 22 10 22
128 1 928 1377 96 30 14 21 15 21 16 21
129 1 864 1441 158 30 13 22 14 22 15 22
130 1 512 1505 223 30 8 23 9 23 10 23 11 23
131 1 800 1505 127 30 12 23 13 23 14 23
132 1 512 1520 415 15 8 23 9 23 10 23 11 23 12 23 13 23 14 23
133 1 928 1569 96 30 14 24 15 24 16 24
134 1 608 1633 63 30 9 25 10 25
135 1 736 1633 191 30 11 25 12 25 13 25 14 25
136 1 608 1648 319 15 9 25 10 25 11 25 12 25 13 25 14 25
137 1 512 1697 95 30 8 26 9 26
138 1 928 1697 96 30 14 26 15 26 16 26
139 1 800 1761 224 30 12 27 13 27 14 27 15 27 16 27
140 1 512 1761 223 30 8 27 9 27 10 27 11 27
141 1 736 1825 63 30 11 28 12 28
142 1 671 1889 256 30 10 29 11 29 12 29 13 29 14 29
143 1 512 1889 95 30 8 29 9 29
144 1 512 1952 159 31 8 30 9 30 10 30
145 1 928 1953 96 30 14 30 15 30 16 30
146 1 512 2017 512 30 8 31 9 31 10 31 11 31 12 31 13 31 14 31 15 31 16 31
147 1 672 752 352 15 10 11 11 11 12 11 13 11 14 11 15 11 16 11
148 1 1025 225 511 62 16 3 16 4 17 3 17 4 18 3 18 4 19 3 19 4 20 3 20 4 21 3 21 4 22 3 22 4 23 3 23 4
149 1 1504 0 32 287 23 0 23 1 23 2 23 3 23 4
150 1 1440 160 608 31 22 2 23 2 24 2 25 2 26 2 27 2 28 2 29 2 30 2 31 2
151 1 1248 161 127 30 19 2 20 2 21 2
152 1 1312 97 256 30 20 1 21 1 22 1 23 1 24 1
153 1 1184 97 63 30 18 1 19 1
154 1 1376 33 63 30 21 0 22 0
155 1 1120 32 80 31 17 0 18 0
156 1 1184 48 63 15 18 0 19 0
157 1 1232 32 79 31 19 0 20 0
158 1 1024 96 47 31 16 1
159 1 1055 112 64 15 16 1 17 1
160 1 1104 96 15 31 17 1
161 1 1504 48 544 31 23 0 23 1 24 0 24 1 25 0 25 1 26 0 26 1 27 0 27 1 28 0 28 1 29 0 29 1 30 0 30 1 31 0 31 1
162 1 1504 48 80 63 23 0 23 1 24 0 24 1
163 1 1504 32 64 79 23 0 23 1 24 0 24 1
164 1 1600 32 32 47 25 0 25 1
165 1 1664 32 32 47 26 0 26 1
166 1 1728 32 32 47 27 0 27 1
167 1 1792 32 32 47 28 0 28 1
168 1 1856 32 32 47 29 0 29 1
169 1 1920 32 32 47 30 0 30 1
170 1 1984 32 32 47 31 0 31 1
171 1 2016 48 32 143 31 0 31 1 31 2
172 1 1504 272 64 783 23 4 23 5 23 6 23 7 23 8 23 9 23 10 23 11 23 12 23 13 23 14 23 15 23 16 24 4 24 5 24 6 24 7 24 8 24 9 24 10 24 11 24 12 24 13 24 14 24 15 24 16
173 1 1024 705 608 94 16 11 16 12 17 11 17 12 18 11 18 12 19 11 19 12 20 11 20 12 21 11 21 12 22 11 22 12 23 11 23 12 24 11 24 12 25 11 25 12
174 1 1440 672 192 127 22 10 22 11 22 12 23 10 23 11 23 12 24 10 24 11 24 12 25 10 25 11 25 12
175 1 1024 449 544 126 16 7 16 8 17 7 17 8 18 7 18 8 19 7 19 8 20 7 20 8 21 7 21 8 22 7 22 8 23 7 23 8 24 7 24 8
176 1 1040 417 80 46 16 6 16 7 17 6 17 7
177 1 1184 417 64 46 18 6 18 7 19 6 19 7
178 1 1312 417 64 46 20 6 20 7 21 6 21 7
179 1 1440 416 192 63 22 6 22 7 23 6 23 7 24 6 24 7 25 6 25 7
180 1 1504 256 544 31 23 4 24 4 25 4 26 4 27 4 28 4 29 4 30 4 31 4
181 1 2016 256 32 1055 31 4 31 5 31 6 31 7 31 8 31 9 31 10 31 11 31 12 31 13 31 14 31 15 31 16 31 17 31 18 31 19 31 20
182 1 1504 752 544 47 23 11 23 12 24 11 24 12 25 11 25 12 26 11 26 12 27 11 27 12 28 11 28 12 29 11 29 12 30 11 30 12 31 11 31 12
183 1 1808 736 240 63 28 11 28 12 29 11 29 12 30 11 30 12 31 11 31 12
184 1 1680 736 96 63 26 11 26 12 27 11 27 12
185 1 1600 736 48 63 25 11 25 12
186 1 1504 479 448 64 23 7 23 8 24 7 24 8 25 7 25 8 26 7 26 8 27 7 27 8 28 7 28 8 29 7 29 8 30 7 30 8
187 1 1888 352 64 191 29 5 29 6 29 7 29 8 30 5 30 6 30 7 30 8
188 1 1696 368 256 47 26 5 26 6 27 5 27 6 28 5 28 6 29 5 29 6 30 5 30 6
189 1 1664 368 320 15 26 5 27 5 28 5 29 5 30 5
190 1 1696 352 80 63 26 5 26 6 27 5 27 6
191 1 1808 352 32 31 28 5
192 1 1872 352 32 31 29 5
193 1 1616 432 48 15 25 6
194 1 1984 432 48 15 31 6
195 1 1984 560 48 15 31 8
196 1 1984 688 48 15 31 10
197 1 1936 496 48 15 30 7
198 1 1936 624 48 15 30 9
199 1 1824 624 128 47 28 9 28 10 29 9 29 10 30 9 30 10
200 1 1936 608 16 63 30 9 30 10
201 1 1824 608 80 63 28 9 28 10 29 9 29 10
202 1 1824 608 64 191 28 9 28 10 28 11 28 12 29 9 29 10 29 11 29 12
203 1 1616 688 48 15 25 10
204 1 1792 688 48 15 28 10
205 1 1664 624 128 15 26 9 27 9
206 1 1696 479 64 192 26 7 26 8 26 9 26 10 27 7 27 8 27 9 27 10
207 1 1025 769 543 62 16 12 17 12 18 12 19 12 20 12 21 12 22 12 23 12 24 12
208 1 993 993 1055 62 15 15 15 16 16 15 16 16 17 15 17 16 18 15 18 16 19 15 19 16 20 15 20 16 21 15 21 16 22 15 22 16 23 15 23 16 24 15 24 16 25 15 25 16 26 15 26 16 27 15 27 16 28 15 28 16 29 15 29 16 30 15 30 16 31 15 31 16
209 1 992 1248 1056 63 15 19 15 20 16 19 16 20 17 19 17 20 18 19 18 20 19 19 19 20 20 19 20 20 21 19 21 20 22 19 22 20 23 19 23 20 24 19 24 20 25 19 25 20 26 19 26 20 27 19 27 20 28 19 28 20 29 19 29 20 30 19 30 20 31 19 31 20
210 1 992 1200 321 50 15 18 15 19 16 18 16 19 17 18 17 19 18 18 18 19 19 18 19 19 20 18 20 19
211 1 992 1184 350 16 15 18 16 18 17 18 18 18 19 18 20 18
212 1 1408 1184 127 16 22 18 23 18
213 1 1424 1200 80 50 22 18 22 19 23 18 23 19
214 1 1600 1184 127 16 25 18 26 18
215 1 1792 1184 256 16 28 18 29 18 30 18 31 18
216 1 1616 1200 80 50 25 18 25 19 26 18 26 19
217 1 1808 1200 240 50 28 18 28 19 29 18 29 19 30 18 30 19 31 18 31 19
218 1 992 1309 832 34 15 20 16 20 17 20 18 20 19 20 20 20 21 20 22 20 23 20 24 20 25 20 26 20 27 20 28 20
219 1 1760 1309 64 739 27 20 27 21 27 22 27 23 27 24 27 25 27 26 27 27 27 28 27 29 27 30 27 31 28 20 28 21 28 22 28 23 28 24 28 25 28 26 28 27 28 28 28 29 28 30 28 31
220 1 1504 1309 63 739 23 20 23 21 23 22 23 23 23 24 23 25 23 26 23 27 23 28 23 29 23 30 23 31 24 20 24 21 24 22 24 23 24 24 24 25 24 26 24 27 24 28 24 29 24 30 24 31
221 1 1504 2017 544 31 23 31 24 31 25 31 26 31 27 31 28 31 29 31 30 31 31 31
222 1 1024 1377 95 30 16 21 17 21
223 1 1376 1377 63 30 21 21 22 21
224 1 1024 1441 95 30 16 22 17 22
225 1 1952 1376 64 319 30 21 30 22 30 23 30 24 30 25 30 26 31 21 31 22 31 23 31 24 31 25 31 26
226 1 1888 1648 160 47 29 25 29 26 30 25 30 26 31 25 31 26
227 1 1936 1632 96 63 30 25 30 26 31 25 31 26
228 1 1856 1648 192 15 29 25 30 25 31 25
229 1 1888 1632 16 31 29 25
230 1 1920 1584 48 15 30 24
231 1 1952 1520 96 47 30 23 30 24 31 23 31 24
232 1 1952 1504 80 63 30 23 30 24 31 23 31 24
233 1 1920 1456 128 15 30 22 31 22
234 1 1920 1392 48 15 30 21
235 1 1632 1440 256 31 25 22 26 22 27 22 28 22 29 22
236 1 1760 1440 128 127 27 22 27 23 27 24 28 22 28 23 28 24 29 22 29 23 29 24
237 1 1872 1520 48 15 29 23
238 1 1808 1712 48 15 28 26
239 1 1760 1760 288 79 27 27 27 28 28 27 28 28 29 27 29 28 30 27 30 28 31 27 31 28
240 1 1760 1984 288 64 27 31 28 31 29 31 30 31 31 31
241 1 1696 1953 192 31 26 30 27 30 28 30 29 30
242 1 1696 1889 128 30 26 29 27 29 28 29
243 1 1696 1377 96 30 26 21 27 21
244 1 1168 1504 15 31 18 23
245 1 1120 1520 63 15 17 23 18 23
246 1 1120 1504 15 31 17 23
247 1 1025 1569 94 30 16 24 17 24
248 1 1232 1568 15 31 19 24
249 1 1184 1584 63 15 18 24 19 24
250 1 1184 1568 16 31 18 24
251 1 1168 1632 15 31 18 25
252 1 1120 1648 63 15 17 25 18 25
253 1 1120 1632 15 31 17 25
254 1 1248 1633 63 30 19 25 20 25
255 1 1184 1697 63 30 18 26 19 26
256 1 1248 1761 191 30 19 27 20 27 21 27 22 27
257 1 1120 1761 63 30 17 27 18 27
258 1 1024 1697 95 30 16 26 17 26
259 1 1360 1696 15 31 21 26
260 1 1312 1712 63 15 20 26 21 26
261 1 1312 1696 16 31 20 26
262 1 1025 1825 94 30 16 28 17 28
263 1 1232 1824 143 31 19 28 20 28 21 28
264 1 1184 1840 191 15 18 28 19 28 20 28 21 28
265 1 1184 1824 16 31 18 28
266 1 1025 1889 286 30 16 29 17 29 18 29 19 29 20 29
267 1 1376 1889 63 30 21 29 22 29
268 1 1120 1953 127 30 17 30 18 30 19 30
269 1 1360 1952 79 31 21 30 22 30
270 1 1312 1968 127 15 20 30 21 30 22 30
271 1 1312 1952 16 31 20 30
272 1 1104 2016 79 32 17 31 18 31
273 1 1040 2032 143 16 16 31 17 31 18 31
274 1 1025 2016 47 32 16 31
275 1 1296 2016 79 32 20 31 21 31
276 1 1248 2032 127 16 19 31 20 31 21 31
277 1 1248 2016 16 32 19 31
278 1 672 1121 32 110 10 17 10 18 10 19
279 1 672 1249 32 110 10 19 10 20 10 21
280 1 672 1761 32 110 10 27 10 28 10 29
281 1 608 1377 32 46 9 21 9 22
282 1 800 1633 31 159 12 25 12 26 12 27
283 1 1136 1040 32 63 17 16 17 17 18 16 18 17
284 1 1264 1040 32 95 19 16 19 17 20 16 20 17
285 1 1328 1040 32 63 20 16 20 17 21 16 21 17
286 1 1520 1040 32 63 23 16 23 17 24 16 24 17
287 1 1840 1040 32 63 28 16 28 17 29 16 29 17
288 1 1648 1040 32 113 25 16 25 17 25 18 26 16 26 17 26 18
289 1 1904 1040 32 113 29 16 29 17 29 18 30 16 30 17 30 18
290 1 1968 1040 80 96 30 16 30 17 31 16 31 17
291 1 1632 72 16 39 25 1
292 1 1696 72 16 39 26 1
293 1 1760 72 16 39 27 1
294 1 1824 72 16 39 28 1
295 1 1888 72 16 39 29 1
296 1 1952 72 16 39 30 1
297 1 992 256 64 1792 15 4 15 5 15 6 15 7 15 8 15 9 15 10 15 11 15 12 15 13 15 14 15 15 15 16 15 17 15 18 15 19 15 20 15 21 15 22 15 23 15 24 15 25 15 26 15 27 15 28 15 29 15 30 15 31 16 4 16 5 16 6 16 7 16 8 16 9 16 10 16 11 16 12 16 13 16 14 16 15 16 16 16 17 16 18 16 19 16 20 16 21 16 22 16 23 16 24 16 25 16 26 16 27 16 28 16 29 16 30 16 31
298 1 223 1296 66 560 3 20 3 21 3 22 3 23 3 24 3 25 3 26 3 27 3 28 4 20 4 21 4 22 4 23 4 24 4 25 4 26 4 27 4 28
299 2 256 205 32 19 4 3
300 2 256 784 32 17 4 12
301 2 256 1040 32 17 4 16
302 2 320 912 32 17 5 14
303 2 320 1168 32 17 5 18
304 2 672 1231 32 18 10 19
305 2 672 1359 32 18 10 21
306 2 608 1423 32 18 9 22
307 2 672 1871 32 18 10 29
308 3 112 48 32 16 1 0 2 0
309 3 176 48 32 16 2 0 3 0
310 3 240 48 32 16 3 0 4 0
311 3 111 240 33 16 1 3 2 3
312 3 175 240 33 16 2 3 3 3
313 3 240 240 33 16 3 3 4 3
314 3 304 240 33 16 4 3 5 3
315 3 112 1008 31 16 1 15 2 15
316 3 49 1376 31 16 0 21 1 21
317 3 49 1632 31 16 0 25 1 25
318 3 0 1504 16 16 0 23
319 3 0 1632 16 16 0 25
320 3 608 609 64 15 9 9 10 9
321 3 736 737 64 15 11 11 12 11
322 3 672 993 64 15 10 15 11 15
323 3 801 1121 63 15 12 17 13 17
324 3 736 1505 64 15 11 23 12 23
325 3 672 1633 64 15 10 25 11 25
326 3 1200 32 32 16 18 0 19 0
327 3 1071 96 33 16 16 1 17 1 
328 3 1776 352 32 16 27 5 28 5
329 3 1840 352 32 16 28 5 29 5
330 3 1904 608 32 16 29 9 30 9
331 3 1648 736 32 16 25 11 26 11
332 3 1776 736 32 16 27 11 28 11
333 3 1313 1233 111 15 20 19 21 19 22 19
334 3 1504 1233 112 15 23 19 24 19 25 19
335 3 1696 1233 112 15 26 19 27 19 28 19
336 3 1989 1136 11 7 31 17
337 3 2032 1504 16 16 31 23
338 3 2032 1632 16 16 31 25
339 3 1904 1632 32 16 29 25 30 25
340 3 1135 1504 33 16 17 23 18 23
341 3 1135 1632 33 16 17 25 18 25
342 3 1200 1568 32 16 18 24 19 24
343 3 1200 1824 32 16 18 28 19 28
344 3 1328 1696 32 16 20 26 21 26
345 3 1328 1952 32 16 20 30 21 30
346 3 1072 2016 32 16 16 31 17 31
347 3 1264 2016 32 16 19 31 20 31
348 5 1631 1113 18 16 24 16 25 16 24 17 25 17 24 18 25 18
349 5 1835 1084 18 16 28 16 28 17 28 18
350 5 1949 1080 18 16 30 16 30 17 30 18
351 5 121 1134 18 16 1 16 2 16 3 16 4 16 1 17 2 17 3 17 4 17 1 18 2 18 3 18 4 18
352 5 154 1123 18 16 1 16 2 16 3 16 4 16 1 17 2 17 3 17 4 17 1 18 2 18 3 18 4 18
353 5 173 1135 18 16 1 16 2 16 3 16 4 16 1 17 2 17 3 17 4 17 1 18 2 18 3 18 4 18
354 5 565 1287 18 16 8 19 9 19 10 19 8 20 9 20 10 20
355 5 647 1291 18 16 8 19 9 19 10 19 8 20 9 20 10 20
356 5 1660 1635 18 16 24 24 25 24 26 24 27 24 24 25 25 25 26 25 27 25 24 26 25 26 26 26 27 26
357 5 1705 1513 18 16 24 23 25 23 26 23 27 23 24 24 25 24 26 24 27 24
358 5 1658 1491 18 16 24 23 25 23 26 23 27 23 24 24 25 24 26 24 27 24
359 5 1656 1369 18 16 24 21 25 21 26 21 24 22 25 22 26 22
360 6 1323 1066 18 16 20 16 21 16 20 17 21 17
361 6 280 1176 18 16 3 18 4 18
362 6 158 87 18 16 1 1 2 1 3 1 4 1 5 1
363 6 206 87 18 16 1 1 2 1 3 1 4 1 5 1
364 6 545 1876 18 16 8 27 9 27 10 27 8 28 9 28 10 28 8 29 9 29 10 29
365 6 666 1903 18 16 10 29 11 29 12 29 13 29 14 29 10 30 11 30 12 30 13 30 14 30
366 7 64 974 16 27 0 14 1 14 2 14 0 15 1 15 2 15
367 7 952 577 16 27 14 8 15 8 14 9 15 9
368 7 834 574 16 27 12 8 13 8 12 9 13 9
369 7 854 462 16 27 12 6 13 6 12 7 13 7
370 7 2024 1437 16 27 31 21 31 22
371 8 376 595 16 13 4 8 5 8 6 8 4 9 5 9 6 9 4 10 5 10 6 10
372 8 334 726 16 13 4 10 5 10 6 10 4 11 5 11 6 11 4 12 5 12 6 12
373 8 373 500 16 13 4 7 5 7 6 7 4 8 5 8 6 8
374 8 891 1312 16 13 13 20 14 20 13 21 14 21
375 8 763 1443 16 13 11 22 12 22 11 23 12 23
376 8 769 1211 16 13 11 18 12 18 11 19 12 19
377 8 836 679 16 13 12 10 13 10 12 11 13 11
378 8 934 661 16 13 14 10 15 10 14 11 15 11
379 8 863 1584 16 13 13 24 14 24 13 25 14 25
380 8 857 1839 16 13 12 28 13 28 14 28 12 29 13 29 14 29
381 9 211 457 16 16 2 7 3 7 4 7
382 9 120 333 16 16 0 5 1 5 2 5 3 5 4 5 5 5
383 9 255 335 16 16 0 5 1 5 2 5 3 5 4 5 5 5
384 9 1133 1840 16 16 17 28 18 28
385 9 1170 1840 16 16 17 28 18 28
386 9 706 561 16 16 8 8 9 8 10 8 11 8
387 9 591 557 16 16 8 8 9 8 10 8 11 8
388 9 1896 1489 16 16 29 23 30 23
389 9 1871 1640 16 16 29 25
390 9 1839 1701 16 16 28 26
391 9 166 1433 16 16 2 21 3 21 2 22 3 22
392 9 169 1559 16 16 2 24 3 24
393 9 48 1556 16 16 0 24 1 24
394 10 1169 1103 18 9 16 16 17 16 18 16 19 16 16 17 17 17 18 17 19 17 16 18 17 18 18 18 19 18
395 10 1196 1103 18 9 16 16 17 16 18 16 19 16 16 17 17 17 18 17 19 17 16 18 17 18 18 18 19 18
396 10 1443 1074 18 9 22 16 23 16 22 17 23 17 22 18 23 18
397 10 1811 1092 18 9 27 16 28 16 29 16 27 17 28 17 29 17 27 18 28 18 29 18
398 10 1940 1088 18 9 29 16 30 16 31 16 29 17 30 17 31 17 29 18 30 18 31 18
399 10 308 284 18 9 0 4 1 4 2 4 3 4 4 4 5 4
400 10 231 282 18 9 0 4 1 4 2 4 3 4 4 4 5 4
401 10 1133 27 18 9 17 0 18 0
402 10 1300 2012 18 9 20 31 21 31
403 10 1145 1640 18 9 17 25 18 25
404 10 1208 1577 18 9 18 24 19 24
405 10 1151 1510 18 9 17 23 18 23
406 10 679 1641 18 9 10 25 11 25
407 10 713 1641 18 9 10 25 11 25
408 10 962 1689 18 9 14 26 15 26
409 10 164 281 18 9 0 4 1 4 2 4 3 4 4 4 5 4
410 10 77 1364 18 9 1 21 2 21
411 11 651 120 16 16 8 1 9 1 10 1 11 1 12 1 13 1 14 1 15 1 8 2 9 2 10 2 11 2 12 2 13 2 14 2 15 2
412 11 790 122 16 16 8 1 9 1 10 1 11 1 12 1 13 1 14 1 15 1 8 2 9 2 10 2 11 2 12 2 13 2 14 2 15 2
413 11 947 120 16 16 8 1 9 1 10 1 11 1 12 1 13 1 14 1 15 1 8 2 9 2 10 2 11 2 12 2 13 2 14 2 15 2
414 11 910 907 16 16 12 13 13 13 14 13 15 13 12 14 13 14 14 14 15 14
415 11 660 779 16 16 8 12 9 12 10 12 11 12