1 1 0 0 2048 32 0 0 1 0 2 0 3 0 4 0 5 0 6 0 7 0 8 0 9 0 10 0 11 0 12 0 13 0 14 0 15 0 16 0 17 0 18 0 19 0 20 0 21 0 22 0 23 0 24 0 25 0 26 0 27 0 28 0 29 0 30 0 31 0
2 1 0 0 32 2048 0 0 0 1 0 2 0 3 0 4 0 5 0 6 0 7 0 8 0 9 0 10 0 11 0 12 0 13 0 14 0 15 0 16 0 17 0 18 0 19 0 20 0 21 0 22 0 23 0 24 0 25 0 26 0 27 0 28 0 29 0 30 0 31
3 1 2016 0 32 2048 31 0 31 1 31 2 31 3 31 4 31 5 31 6 31 7 31 8 31 9 31 10 31 11 31 12 31 13 31 14 31 15 31 16 31 17 31 18 31 19 31 20 31 21 31 22 31 23 31 24 31 25 31 26 31 27 31 28 31 29 31 30 31 31
4 1 0 2017 2048 32 0 31 1 31 2 31 3 31 4 31 5 31 6 31 7 31 8 31 9 31 10 31 11 31 12 31 13 31 14 31 15 31 16 31 17 31 18 31 19 31 20 31 21 31 22 31 23 31 24 31 25 31 26 31 27 31 28 31 29 31 30 31 31 31
5 1 480 0 64 2048 7 0 7 1 7 2 7 3 7 4 7 5 7 6 7 7 7 8 7 9 7 10 7 11 7 12 7 13 7 14 7 15 7 16 7 17 7 18 7 19 7 20 7 21 7 22 7 23 7 24 7 25 7 26 7 27 7 28 7 29 7 30 7 31
6 1 992 0 64 2048 15 0 15 1 15 2 15 3 15 4 15 5 15 6 15 7 15 8 15 9 15 10 15 11 15 12 15 13 15 14 15 15 15 16 15 17 15 18 15 19 15 20 15 21 15 22 15 23 15 24 15 25 15 26 15 27 15 28 15 29 15 30 15 31 16 0 16 1 16 2 16 3 16 4 16 5 16 6 16 7 16 8 16 9 16 10 16 11 16 12 16 13 16 14 16 15 16 16 16 17 16 18 16 19 16 20 16 21 16 22 16 23 16 24 16 25 16 26 16 27 16 28 16 29 16 30 16 31
7 1 0 705 2048 63 0 11 1 11 2 11 3 11 4 11 5 11 6 11 7 11 8 11 9 11 10 11 11 11 12 11 13 11 14 11 15 11 16 11 17 11 18 11 19 11 20 11 21 11 22 11 23 11 24 11 25 11 26 11 27 11 28 11 29 11 30 11 31 11
8 1 736 449 64 1599 11 7 11 8 11 9 11 10 11 11 11 12 11 13 11 14 11 15 11 16 11 17 11 18 11 19 11 20 11 21 11 22 11 23 11 24 11 25 11 26 11 27 11 28 11 29 11 30 11 31 12 7 12 8 12 9 12 10 12 11 12 12 12 13 12 14 12 15 12 16 12 17 12 18 12 19 12 20 12 21 12 22 12 23 12 24 12 25 12 26 12 27 12 28 12 29 12 30 12 31
9 1 224 705 64 1343 3 11 3 12 3 13 3 14 3 15 3 16 3 17 3 18 3 19 3 20 3 21 3 22 3 23 3 24 3 25 3 26 3 27 3 28 3 29 3 30 3 31 4 11 4 12 4 13 4 14 4 15 4 16 4 17 4 18 4 19 4 20 4 21 4 22 4 23 4 24 4 25 4 26 4 27 4 28 4 29 4 30 4 31
10 1 1248 705 64 1343 19 11 19 12 19 13 19 14 19 15 19 16 19 17 19 18 19 19 19 20 19 21 19 22 19 23 19 24 19 25 19 26 19 27 19 28 19 29 19 30 19 31 20 11 20 12 20 13 20 14 20 15 20 16 20 17 20 18 20 19 20 20 20 21 20 22 20 23 20 24 20 25 20 26 20 27 20 28 20 29 20 30 20 31
11 1 1504 705 64 1343 23 11 23 12 23 13 23 14 23 15 23 16 23 17 23 18 23 19 23 20 23 21 23 22 23 23 23 24 23 25 23 26 23 27 23 28 23 29 23 30 23 31 24 11 24 12 24 13 24 14 24 15 24 16 24 17 24 18 24 19 24 20 24 21 24 22 24 23 24 24 24 25 24 26 24 27 24 28 24 29 24 30 24 31
12 1 0 193 544 94 0 3 0 4 1 3 1 4 2 3 2 4 3 3 3 4 4 3 4 4 5 3 5 4 6 3 6 4 7 3 7 4 8 3 8 4
13 1 480 449 576 94 7 7 7 8 8 7 8 8 9 7 9 8 10 7 10 8 11 7 11 8 12 7 12 8 13 7 13 8 14 7 14 8 15 7 15 8 16 7 16 8
14 1 0 961 1312 94 0 15 0 16 1 15 1 16 2 15 2 16 3 15 3 16 4 15 4 16 5 15 5 16 6 15 6 16 7 15 7 16 8 15 8 16 9 15 9 16 10 15 10 16 11 15 11 16 12 15 12 16 13 15 13 16 14 15 14 16 15 15 15 16 16 15 16 16 17 15 17 16 18 15 18 16 19 15 19 16 20 15 20 16
15 1 0 1217 1568 94 0 19 0 20 1 19 1 20 2 19 2 20 3 19 3 20 4 19 4 20 5 19 5 20 6 19 6 20 7 19 7 20 8 19 8 20 9 19 9 20 10 19 10 20 11 19 11 20 12 19 12 20 13 19 13 20 14 19 14 20 15 19 15 20 16 19 16 20 17 19 17 20 18 19 18 20 19 19 19 20 20 19 20 20 21 19 21 20 22 19 22 20 23 19 23 20 24 19 24 20
16 1 0 1473 1568 94 0 23 0 24 1 23 1 24 2 23 2 24 3 23 3 24 4 23 4 24 5 23 5 24 6 23 6 24 7 23 7 24 8 23 8 24 9 23 9 24 10 23 10 24 11 23 11 24 12 23 12 24 13 23 13 24 14 23 14 24 15 23 15 24 16 23 16 24 17 23 17 24 18 23 18 24 19 23 19 24 20 23 20 24 21 23 21 24 22 23 22 24 23 23 23 24 24 23 24 24
17 1 0 1729 1568 94 0 27 0 28 1 27 1 28 2 27 2 28 3 27 3 28 4 27 4 28 5 27 5 28 6 27 6 28 7 27 7 28 8 27 8 28 9 27 9 28 10 27 10 28 11 27 11 28 12 27 12 28 13 27 13 28 14 27 14 28 15 27 15 28 16 27 16 28 17 27 17 28 18 27 18 28 19 27 19 28 20 27 20 28 21 27 21 28 22 27 22 28 23 27 23 28 24 27 24 28
18 1 0 1985 1568 63 0 31 1 31 2 31 3 31 4 31 5 31 6 31 7 31 8 31 9 31 10 31 11 31 12 31 13 31 14 31 15 31 16 31 17 31 18 31 19 31 20 31 21 31 22 31 23 31 24 31
19 1 112 96 32 121 1 1 1 2 1 3 2 1 2 2 2 3
20 1 176 0 32 128 2 0 2 1 3 0 3 1
21 1 240 96 32 121 3 1 3 2 3 3 4 1 4 2 4 3
22 1 304 0 32 128 4 0 4 1 5 0 5 1
23 1 368 96 32 121 5 1 5 2 5 3 6 1 6 2 6 3
24 1 624 16 32 368 9 0 9 1 9 2 9 3 9 4 9 5 10 0 10 1 10 2 10 3 10 4 10 5
25 1 752 128 32 345 11 2 11 3 11 4 11 5 11 6 11 7 12 2 12 3 12 4 12 5 12 6 12 7
26 1 1136 16 32 656 17 0 17 1 17 2 17 3 17 4 17 5 17 6 17 7 17 8 17 9 17 10 18 0 18 1 18 2 18 3 18 4 18 5 18 6 18 7 18 8 18 9 18 10
27 1 1200 96 32 641 18 1 18 2 18 3 18 4 18 5 18 6 18 7 18 8 18 9 18 10 18 11 19 1 19 2 19 3 19 4 19 5 19 6 19 7 19 8 19 9 19 10 19 11
28 1 1200 96 608 47 18 1 18 2 19 1 19 2 20 1 20 2 21 1 21 2 22 1 22 2 23 1 23 2 24 1 24 2 25 1 25 2 26 1 26 2 27 1 27 2 28 1 28 2
29 1 1776 96 32 559 27 1 27 2 27 3 27 4 27 5 27 6 27 7 27 8 27 9 27 10 28 1 28 2 28 3 28 4 28 5 28 6 28 7 28 8 28 9 28 10
30 1 1264 609 544 46 19 9 19 10 20 9 20 10 21 9 21 10 22 9 22 10 23 9 23 10 24 9 24 10 25 9 25 10 26 9 26 10 27 9 27 10 28 9 28 10
31 1 1264 160 32 495 19 2 19 3 19 4 19 5 19 6 19 7 19 8 19 9 19 10 20 2 20 3 20 4 20 5 20 6 20 7 20 8 20 9 20 10
32 1 1264 160 480 47 19 2 19 3 20 2 20 3 21 2 21 3 22 2 22 3 23 2 23 3 24 2 24 3 25 2 25 3 26 2 26 3 27 2 27 3
33 1 1712 160 32 430 26 2 26 3 26 4 26 5 26 6 26 7 26 8 26 9 27 2 27 3 27 4 27 5 27 6 27 7 27 8 27 9
34 1 1328 544 416 46 20 8 20 9 21 8 21 9 22 8 22 9 23 8 23 9 24 8 24 9 25 8 25 9 26 8 26 9 27 8 27 9
35 1 1328 224 32 367 20 3 20 4 20 5 20 6 20 7 20 8 20 9 21 3 21 4 21 5 21 6 21 7 21 8 21 9
36 1 1328 224 352 47 20 3 20 4 21 3 21 4 22 3 22 4 23 3 23 4 24 3 24 4 25 3 25 4 26 3 26 4
37 1 1648 224 32 303 25 3 25 4 25 5 25 6 25 7 25 8 26 3 26 4 26 5 26 6 26 7 26 8
38 1 1392 480 288 47 21 7 21 8 22 7 22 8 23 7 23 8 24 7 24 8 25 7 25 8 26 7 26 8
39 1 1392 288 32 239 21 4 21 5 21 6 21 7 21 8 22 4 22 5 22 6 22 7 22 8
40 1 1392 288 224 47 21 4 21 5 22 4 22 5 23 4 23 5 24 4 24 5 25 4 25 5
41 1 1584 288 32 175 24 4 24 5 24 6 24 7 25 4 25 5 25 6 25 7
42 1 1456 416 160 47 22 6 22 7 23 6 23 7 24 6 24 7 25 6 25 7
43 1 1456 352 32 111 22 5 22 6 22 7 23 5 23 6 23 7
44 1 1840 96 32 633 28 1 28 2 28 3 28 4 28 5 28 6 28 7 28 8 28 9 28 10 28 11 29 1 29 2 29 3 29 4 29 5 29 6 29 7 29 8 29 9 29 10 29 11
45 1 1904 64 32 665 29 1 29 2 29 3 29 4 29 5 29 6 29 7 29 8 29 9 29 10 29 11 30 1 30 2 30 3 30 4 30 5 30 6 30 7 30 8 30 9 30 10 30 11
46 1 0 705 1568 94 0 11 0 12 1 11 1 12 2 11 2 12 3 11 3 12 4 11 4 12 5 11 5 12 6 11 6 12 7 11 7 12 8 11 8 12 9 11 9 12 10 11 10 12 11 11 11 12 12 11 12 12 13 11 13 12 14 11 14 12 15 11 15 12 16 11 16 12 17 11 17 12 18 11 18 12 19 11 19 12 20 11 20 12 21 11 21 12 22 11 22 12 23 11 23 12 24 11 24 12
47 1 1328 784 32 79 20 12 20 13 21 12 21 13
48 1 1392 784 32 79 21 12 21 13 22 12 22 13
49 1 1279 928 161 47 19 14 19 15 20 14 20 15 21 14 21 15 22 14 22 15
50 1 1376 1056 192 47 21 16 21 17 22 16 22 17 23 16 23 17 24 16 24 17
82 13 348 1846 16 16 4 28 4 29 5 28 5 29
83 13 361 1943 16 16 4 29 4 30 5 29 5 30
84 13 1270 1960 16 16 19 30 20 30 21 30 22 30
85 13 1076 1711 16 16 16 25 16 26 17 25 17 26
86 13 994 999 16 16 15 26 16 26 17 26 18 26
87 13 1134 1598 16 16 16 24 17 24
88 13 1282 1600 16 16 18 24 19 24
89 13 592 1455 16 16 8 21 8 22
90 13 688 1390 16 16 10 20 10 21
91 13 163 863 16 16 1 12 2 12
92 13 328 862 16 16 4 12 4 13
93 13 384 862 16 16 5 12 5 13 5 14
94 13 440 871 16 16 6 12 6 13
95 13 552 831 16 16 8 12 9 12
96 13 560 943 16 16 8 14 9 14
97 13 713 838 16 16 9 12 10 12
98 13 712 917 16 16 9 13 10 13
99 14 632 1902 25 35 9 28 10 28
100 14 835 1900 25 35 12 29 13 29
101 14 1095 1871 25 35 16 28
102 14 1202 1879 25 35 18 28
103 14 1127 1967 25 35 17 29
104 14 117 1143 25 35 1 17
105 14 344 1094 25 35 4 16
106 14 440 1096 25 35 6 16
107 14 407 1183 25 35 6 17
108 14 808 1695 25 35 12 25 13 25