1 0 16 32 15 159 0 0 0 0 1 2 1 3 1 4 1 5 1 6 1 7 1 8 1 9 1 10 1 11
1 0 32 16 439 15 0 0 0 0 2 1 3 1 4 1 5 1 6 1 7 1 8 1 9 1 10 1 11 1 12 1 13 1 14 1 15 1 16 1 17 1 18 1 19 1 20 1 21 1 22 1 23 1 24 1 25 1 26 1 27 1 28 1 29 1
1 0 112 96 31 95 0 0 0 0 7 6 7 7 7 8 7 9 7 10 7 11 8 6 8 7 8 8 8 9 8 10 8 11
1 0 176 32 31 95 0 0 0 0 11 2 11 3 11 4 11 5 11 6 11 7 12 2 12 3 12 4 12 5 12 6 12 7
1 0 240 96 31 95 0 0 0 0 15 6 15 7 15 8 15 9 15 10 15 11 16 6 16 7 16 8 16 9 16 10 16 11
1 0 304 32 31 95 0 0 0 0 19 2 19 3 19 4 19 5 19 6 19 7 20 2 20 3 20 4 20 5 20 6 20 7
1 0 368 96 31 95 0 0 0 0 23 6 23 7 23 8 23 9 23 10 23 11 24 6 24 7 24 8 24 9 24 10 24 11
1 0 32 192 447 15 0 0 0 0 2 12 3 12 4 12 5 12 6 12 7 12 8 12 9 12 10 12 11 12 12 12 13 12 14 12 15 12 16 12 17 12 18 12 19 12 20 12 21 12 22 12 23 12 24 12 25 12 26 12 27 12 28 12 29 12
1 0 480 32 15 79 0 0 0 0 30 2 30 3 30 4 30 5 30 6
1 0 480 144 15 47 0 0 0 0 30 9 30 10 30 11
1 0 544 16 447 15 0 0 0 0 34 1 35 1 36 1 37 1 38 1 39 1 40 1 41 1 42 1 43 1 44 1 45 1 46 1 47 1 48 1 49 1 50 1 51 1 52 1 53 1 54 1 55 1 56 1 57 1 58 1 59 1 60 1 61 1
1 0 528 32 15 79 0 0 0 0 33 2 33 3 33 4 33 5 33 6
1 0 528 144 15 303 0 0 0 0 33 9 33 10 33 11 33 12 33 13 33 14 33 15 33 16 33 17 33 18 33 19 33 20 33 21 33 22 33 23 33 24 33 25 33 26 33 27
1 0 624 32 31 351 0 0 0 0 39 2 39 3 39 4 39 5 39 6 39 7 39 8 39 9 39 10 39 11 39 12 39 13 39 14 39 15 39 16 39 17 39 18 39 19 39 20 39 21 39 22 39 23 40 2 40 3 40 4 40 5 40 6 40 7 40 8 40 9 40 10 40 11 40 12 40 13 40 14 40 15 40 16 40 17 40 18 40 19 40 20 40 21 40 22 40 23
1 0 752 128 31 319 0 0 0 0 47 8 47 9 47 10 47 11 47 12 47 13 47 14 47 15 47 16 47 17 47 18 47 19 47 20 47 21 47 22 47 23 47 24 47 25 47 26 47 27 48 8 48 9 48 10 48 11 48 12 48 13 48 14 48 15 48 16 48 17 48 18 48 19 48 20 48 21 48 22 48 23 48 24 48 25 48 26 48 27
1 0 992 32 15 415 0 0 0 0 62 2 62 3 62 4 62 5 62 6 62 7 62 8 62 9 62 10 62 11 62 12 62 13 62 14 62 15 62 16 62 17 62 18 62 19 62 20 62 21 62 22 62 23 62 24 62 25 62 26 62 27
1 0 544 448 447 15 0 0 0 0 34 28 35 28 36 28 37 28 38 28 39 28 40 28 41 28 42 28 43 28 44 28 45 28 46 28 47 28 48 28 49 28 50 28 51 28 52 28 53 28 54 28 55 28 56 28 57 28 58 28 59 28 60 28 61 28
1 0 1040 32 15 671 0 0 0 0 65 2 65 3 65 4 65 5 65 6 65 7 65 8 65 9 65 10 65 11 65 12 65 13 65 14 65 15 65 16 65 17 65 18 65 19 65 20 65 21 65 22 65 23 65 24 65 25 65 26 65 27 65 28 65 29 65 30 65 31 65 32 65 33 65 34 65 35 65 36 65 37 65 38 65 39 65 40 65 41 65 42 65 43
1 0 1056 16 959 15 0 0 0 0 66 1 67 1 68 1 69 1 70 1 71 1 72 1 73 1 74 1 75 1 76 1 77 1 78 1 79 1 80 1 81 1 82 1 83 1 84 1 85 1 86 1 87 1 88 1 89 1 90 1 91 1 92 1 93 1 94 1 95 1 96 1 97 1 98 1 99 1 100 1 101 1 102 1 103 1 104 1 105 1 106 1 107 1 108 1 109 1 110 1 111 1 112 1 113 1 114 1 115 1 116 1 117 1 118 1 119 1 120 1 121 1 122 1 123 1 124 1 125 1
1 0 1056 704 959 15 0 0 0 0 66 44 67 44 68 44 69 44 70 44 71 44 72 44 73 44 74 44 75 44 76 44 77 44 78 44 79 44 80 44 81 44 82 44 83 44 84 44 85 44 86 44 87 44 88 44 89 44 90 44 91 44 92 44 93 44 94 44 95 44 96 44 97 44 98 44 99 44 100 44 101 44 102 44 103 44 104 44 105 44 106 44 107 44 108 44 109 44 110 44 111 44 112 44 113 44 114 44 115 44 116 44 117 44 118 44 119 44 120 44 121 44 122 44 123 44 124 44 125 44
1 0 2016 32 15 671 0 0 0 0 126 2 126 3 126 4 126 5 126 6 126 7 126 8 126 9 126 10 126 11 126 12 126 13 126 14 126 15 126 16 126 17 126 18 126 19 126 20 126 21 126 22 126 23 126 24 126 25 126 26 126 27 126 28 126 29 126 30 126 31 126 32 126 33 126 34 126 35 126 36 126 37 126 38 126 39 126 40 126 41 126 42 126 43
1 0 1136 32 31 639 0 0 0 0 71 2 71 3 71 4 71 5 71 6 71 7 71 8 71 9 71 10 71 11 71 12 71 13 71 14 71 15 71 16 71 17 71 18 71 19 71 20 71 21 71 22 71 23 71 24 71 25 71 26 71 27 71 28 71 29 71 30 71 31 71 32 71 33 71 34 71 35 71 36 71 37 71 38 71 39 71 40 71 41 72 2 72 3 72 4 72 5 72 6 72 7 72 8 72 9 72 10 72 11 72 12 72 13 72 14 72 15 72 16 72 17 72 18 72 19 72 20 72 21 72 22 72 23 72 24 72 25 72 26 72 27 72 28 72 29 72 30 72 31 72 32 72 33 72 34 72 35 72 36 72 37 72 38 72 39 72 40 72 41
1 0 1200 96 31 607 0 0 0 0 75 6 75 7 75 8 75 9 75 10 75 11 75 12 75 13 75 14 75 15 75 16 75 17 75 18 75 19 75 20 75 21 75 22 75 23 75 24 75 25 75 26 75 27 75 28 75 29 75 30 75 31 75 32 75 33 75 34 75 35 75 36 75 37 75 38 75 39 75 40 75 41 75 42 75 43 76 6 76 7 76 8 76 9 76 10 76 11 76 12 76 13 76 14 76 15 76 16 76 17 76 18 76 19 76 20 76 21 76 22 76 23 76 24 76 25 76 26 76 27 76 28 76 29 76 30 76 31 76 32 76 33 76 34 76 35 76 36 76 37 76 38 76 39 76 40 76 41 76 42 76 43
1 0 1232 96 575 47 0 0 0 0 77 6 77 7 77 8 78 6 78 7 78 8 79 6 79 7 79 8 80 6 80 7 80 8 81 6 81 7 81 8 82 6 82 7 82 8 83 6 83 7 83 8 84 6 84 7 84 8 85 6 85 7 85 8 86 6 86 7 86 8 87 6 87 7 87 8 88 6 88 7 88 8 89 6 89 7 89 8 90 6 90 7 90 8 91 6 91 7 91 8 92 6 92 7 92 8 93 6 93 7 93 8 94 6 94 7 94 8 95 6 95 7 95 8 96 6 96 7 96 8 97 6 97 7 97 8 98 6 98 7 98 8 99 6 99 7 99 8 100 6 100 7 100 8 101 6 101 7 101 8 102 6 102 7 102 8 103 6 103 7 103 8 104 6 104 7 104 8 105 6 105 7 105 8 106 6 106 7 106 8 107 6 107 7 107 8 108 6 108 7 108 8 109 6 109 7 109 8 110 6 110 7 110 8 111 6 111 7 111 8 112 6 112 7 112 8
1 0 1776 144 31 511 0 0 0 0 111 9 111 10 111 11 111 12 111 13 111 14 111 15 111 16 111 17 111 18 111 19 111 20 111 21 111 22 111 23 111 24 111 25 111 26 111 27 111 28 111 29 111 30 111 31 111 32 111 33 111 34 111 35 111 36 111 37 111 38 111 39 111 40 112 9 112 10 112 11 112 12 112 13 112 14 112 15 112 16 112 17 112 18 112 19 112 20 112 21 112 22 112 23 112 24 112 25 112 26 112 27 112 28 112 29 112 30 112 31 112 32 112 33 112 34 112 35 112 36 112 37 112 38 112 39 112 40
1 0 1264 608 511 47 0 0 0 0 79 38 79 39 79 40 80 38 80 39 80 40 81 38 81 39 81 40 82 38 82 39 82 40 83 38 83 39 83 40 84 38 84 39 84 40 85 38 85 39 85 40 86 38 86 39 86 40 87 38 87 39 87 40 88 38 88 39 88 40 89 38 89 39 89 40 90 38 90 39 90 40 91 38 91 39 91 40 92 38 92 39 92 40 93 38 93 39 93 40 94 38 94 39 94 40 95 38 95 39 95 40 96 38 96 39 96 40 97 38 97 39 97 40 98 38 98 39 98 40 99 38 99 39 99 40 100 38 100 39 100 40 101 38 101 39 101 40 102 38 102 39 102 40 103 38 103 39 103 40 104 38 104 39 104 40 105 38 105 39 105 40 106 38 106 39 106 40 107 38 107 39 107 40 108 38 108 39 108 40 109 38 109 39 109 40 110 38 110 39 110 40
1 0 1264 160 31 447 0 0 0 0 79 10 79 11 79 12 79 13 79 14 79 15 79 16 79 17 79 18 79 19 79 20 79 21 79 22 79 23 79 24 79 25 79 26 79 27 79 28 79 29 79 30 79 31 79 32 79 33 79 34 79 35 79 36 79 37 80 10 80 11 80 12 80 13 80 14 80 15 80 16 80 17 80 18 80 19 80 20 80 21 80 22 80 23 80 24 80 25 80 26 80 27 80 28 80 29 80 30 80 31 80 32 80 33 80 34 80 35 80 36 80 37
1 0 1296 160 447 47 0 0 0 0 81 10 81 11 81 12 82 10 82 11 82 12 83 10 83 11 83 12 84 10 84 11 84 12 85 10 85 11 85 12 86 10 86 11 86 12 87 10 87 11 87 12 88 10 88 11 88 12 89 10 89 11 89 12 90 10 90 11 90 12 91 10 91 11 91 12 92 10 92 11 92 12 93 10 93 11 93 12 94 10 94 11 94 12 95 10 95 11 95 12 96 10 96 11 96 12 97 10 97 11 97 12 98 10 98 11 98 12 99 10 99 11 99 12 100 10 100 11 100 12 101 10 101 11 101 12 102 10 102 11 102 12 103 10 103 11 103 12 104 10 104 11 104 12 105 10 105 11 105 12 106 10 106 11 106 12 107 10 107 11 107 12 108 10 108 11 108 12
1 0 1712 208 31 383 0 0 0 0 107 13 107 14 107 15 107 16 107 17 107 18 107 19 107 20 107 21 107 22 107 23 107 24 107 25 107 26 107 27 107 28 107 29 107 30 107 31 107 32 107 33 107 34 107 35 107 36 108 13 108 14 108 15 108 16 108 17 108 18 108 19 108 20 108 21 108 22 108 23 108 24 108 25 108 26 108 27 108 28 108 29 108 30 108 31 108 32 108 33 108 34 108 35 108 36
1 0 1328 544 383 47 0 0 0 0 83 34 83 35 83 36 84 34 84 35 84 36 85 34 85 35 85 36 86 34 86 35 86 36 87 34 87 35 87 36 88 34 88 35 88 36 89 34 89 35 89 36 90 34 90 35 90 36 91 34 91 35 91 36 92 34 92 35 92 36 93 34 93 35 93 36 94 34 94 35 94 36 95 34 95 35 95 36 96 34 96 35 96 36 97 34 97 35 97 36 98 34 98 35 98 36 99 34 99 35 99 36 100 34 100 35 100 36 101 34 101 35 101 36 102 34 102 35 102 36 103 34 103 35 103 36 104 34 104 35 104 36 105 34 105 35 105 36 106 34 106 35 106 36
1 0 1328 224 31 319 0 0 0 0 83 14 83 15 83 16 83 17 83 18 83 19 83 20 83 21 83 22 83 23 83 24 83 25 83 26 83 27 83 28 83 29 83 30 83 31 83 32 83 33 84 14 84 15 84 16 84 17 84 18 84 19 84 20 84 21 84 22 84 23 84 24 84 25 84 26 84 27 84 28 84 29 84 30 84 31 84 32 84 33
1 0 1360 224 319 47 0 0 0 0 85 14 85 15 85 16 86 14 86 15 86 16 87 14 87 15 87 16 88 14 88 15 88 16 89 14 89 15 89 16 90 14 90 15 90 16 91 14 91 15 91 16 92 14 92 15 92 16 93 14 93 15 93 16 94 14 94 15 94 16 95 14 95 15 95 16 96 14 96 15 96 16 97 14 97 15 97 16 98 14 98 15 98 16 99 14 99 15 99 16 100 14 100 15 100 16 101 14 101 15 101 16 102 14 102 15 102 16 103 14 103 15 103 16 104 14 104 15 104 16
1 0 1648 272 31 255 0 0 0 0 103 17 103 18 103 19 103 20 103 21 103 22 103 23 103 24 103 25 103 26 103 27 103 28 103 29 103 30 103 31 103 32 104 17 104 18 104 19 104 20 104 21 104 22 104 23 104 24 104 25 104 26 104 27 104 28 104 29 104 30 104 31 104 32
1 0 1392 480 255 47 0 0 0 0 87 30 87 31 87 32 88 30 88 31 88 32 89 30 89 31 89 32 90 30 90 31 90 32 91 30 91 31 91 32 92 30 92 31 92 32 93 30 93 31 93 32 94 30 94 31 94 32 95 30 95 31 95 32 96 30 96 31 96 32 97 30 97 31 97 32 98 30 98 31 98 32 99 30 99 31 99 32 100 30 100 31 100 32 101 30 101 31 101 32 102 30 102 31 102 32
1 0 1392 288 31 191 0 0 0 0 87 18 87 19 87 20 87 21 87 22 87 23 87 24 87 25 87 26 87 27 87 28 87 29 88 18 88 19 88 20 88 21 88 22 88 23 88 24 88 25 88 26 88 27 88 28 88 29
1 0 1424 288 191 47 0 0 0 0 89 18 89 19 89 20 90 18 90 19 90 20 91 18 91 19 91 20 92 18 92 19 92 20 93 18 93 19 93 20 94 18 94 19 94 20 95 18 95 19 95 20 96 18 96 19 96 20 97 18 97 19 97 20 98 18 98 19 98 20 99 18 99 19 99 20 100 18 100 19 100 20
1 0 1584 336 31 127 0 0 0 0 99 21 99 22 99 23 99 24 99 25 99 26 99 27 99 28 100 21 100 22 100 23 100 24 100 25 100 26 100 27 100 28
1 0 1456 416 127 47 0 0 0 0 91 26 91 27 91 28 92 26 92 27 92 28 93 26 93 27 93 28 94 26 94 27 94 28 95 26 95 27 95 28 96 26 96 27 96 28 97 26 97 27 97 28 98 26 98 27 98 28
1 0 1456 352 31 63 0 0 0 0 91 22 91 23 91 24 91 25 92 22 92 23 92 24 92 25
1 0 1840 96 31 607 0 0 0 0 115 6 115 7 115 8 115 9 115 10 115 11 115 12 115 13 115 14 115 15 115 16 115 17 115 18 115 19 115 20 115 21 115 22 115 23 115 24 115 25 115 26 115 27 115 28 115 29 115 30 115 31 115 32 115 33 115 34 115 35 115 36 115 37 115 38 115 39 115 40 115 41 115 42 115 43 116 6 116 7 116 8 116 9 116 10 116 11 116 12 116 13 116 14 116 15 116 16 116 17 116 18 116 19 116 20 116 21 116 22 116 23 116 24 116 25 116 26 116 27 116 28 116 29 116 30 116 31 116 32 116 33 116 34 116 35 116 36 116 37 116 38 116 39 116 40 116 41 116 42 116 43
1 0 1904 64 31 639 0 0 0 0 119 4 119 5 119 6 119 7 119 8 119 9 119 10 119 11 119 12 119 13 119 14 119 15 119 16 119 17 119 18 119 19 119 20 119 21 119 22 119 23 119 24 119 25 119 26 119 27 119 28 119 29 119 30 119 31 119 32 119 33 119 34 119 35 119 36 119 37 119 38 119 39 119 40 119 41 119 42 119 43 120 4 120 5 120 6 120 7 120 8 120 9 120 10 120 11 120 12 120 13 120 14 120 15 120 16 120 17 120 18 120 19 120 20 120 21 120 22 120 23 120 24 120 25 120 26 120 27 120 28 120 29 120 30 120 31 120 32 120 33 120 34 120 35 120 36 120 37 120 38 120 39 120 40 120 41 120 42 120 43
1 0 32 272 447 15 0 0 0 0 2 17 3 17 4 17 5 17 6 17 7 17 8 17 9 17 10 17 11 17 12 17 13 17 14 17 15 17 16 17 17 17 18 17 19 17 20 17 21 17 22 17 23 17 24 17 25 17 26 17 27 17 28 17 29 17
1 0 16 288 15 415 0 0 0 0 1 18 1 19 1 20 1 21 1 22 1 23 1 24 1 25 1 26 1 27 1 28 1 29 1 30 1 31 1 32 1 33 1 34 1 35 1 36 1 37 1 38 1 39 1 40 1 41 1 42 1 43
1 0 32 704 447 15 0 0 0 0 2 44 3 44 4 44 5 44 6 44 7 44 8 44 9 44 10 44 11 44 12 44 13 44 14 44 15 44 16 44 17 44 18 44 19 44 20 44 21 44 22 44 23 44 24 44 25 44 26 44 27 44 28 44 29 44
1 0 480 288 15 335 0 0 0 0 30 18 30 19 30 20 30 21 30 22 30 23 30 24 30 25 30 26 30 27 30 28 30 29 30 30 30 31 30 32 30 33 30 34 30 35 30 36 30 37 30 38
1 0 480 656 15 47 0 0 0 0 30 41 30 42 30 43
1 0 272 800 15 159 0 0 0 0 17 50 17 51 17 52 17 53 17 54 17 55 17 56 17 57 17 58 17 59
1 0 288 784 191 15 0 0 0 0 18 49 19 49 20 49 21 49 22 49 23 49 24 49 25 49 26 49 27 49 28 49 29 49
1 0 288 960 191 15 0 0 0 0 18 60 19 60 20 60 21 60 22 60 23 60 24 60 25 60 26 60 27 60 28 60 29 60
1 0 480 800 15 159 0 0 0 0 30 50 30 51 30 52 30 53 30 54 30 55 30 56 30 57 30 58 30 59
1 0 528 800 15 159 0 0 0 0 33 50 33 51 33 52 33 53 33 54 33 55 33 56 33 57 33 58 33 59
1 0 544 784 191 15 0 0 0 0 34 49 35 49 36 49 37 49 38 49 39 49 40 49 41 49 42 49 43 49 44 49 45 49
1 0 736 800 15 159 0 0 0 0 46 50 46 51 46 52 46 53 46 54 46 55 46 56 46 57 46 58 46 59
1 0 544 960 79 15 0 0 0 0 34 60 35 60 36 60 37 60 38 60
1 0 656 960 79 15 0 0 0 0 41 60 42 60 43 60 44 60 45 60
1 0 1040 800 15 159 0 0 0 0 65 50 65 51 65 52 65 53 65 54 65 55 65 56 65 57 65 58 65 59
1 0 1056 784 191 15 0 0 0 0 66 49 67 49 68 49 69 49 70 49 71 49 72 49 73 49 74 49 75 49 76 49 77 49
1 0 1248 800 15 159 0 0 0 0 78 50 78 51 78 52 78 53 78 54 78 55 78 56 78 57 78 58 78 59
1 0 1056 960 79 15 0 0 0 0 66 60 67 60 68 60 69 60 70 60
1 0 1168 960 79 15 0 0 0 0 73 60 74 60 75 60 76 60 77 60
1 0 32 1040 79 15 0 0 0 0 2 65 3 65 4 65 5 65 6 65
1 0 144 1040 79 15 0 0 0 0 9 65 10 65 11 65 12 65 13 65
1 0 16 1056 15 159 0 0 0 0 1 66 1 67 1 68 1 69 1 70 1 71 1 72 1 73 1 74 1 75
1 0 32 1216 191 15 0 0 0 0 2 76 3 76 4 76 5 76 6 76 7 76 8 76 9 76 10 76 11 76 12 76 13 76
1 0 224 1056 15 159 0 0 0 0 14 66 14 67 14 68 14 69 14 70 14 71 14 72 14 73 14 74 14 75
1 0 272 1056 15 159 0 0 0 0 17 66 17 67 17 68 17 69 17 70 17 71 17 72 17 73 17 74 17 75
1 0 288 1040 191 15 0 0 0 0 18 65 19 65 20 65 21 65 22 65 23 65 24 65 25 65 26 65 27 65 28 65 29 65
1 0 480 1056 15 159 0 0 0 0 30 66 30 67 30 68 30 69 30 70 30 71 30 72 30 73 30 74 30 75
1 0 288 1216 79 15 0 0 0 0 18 76 19 76 20 76 21 76 22 76
1 0 400 1216 79 15 0 0 0 0 25 76 26 76 27 76 28 76 29 76
1 0 528 1056 15 159 0 0 0 0 33 66 33 67 33 68 33 69 33 70 33 71 33 72 33 73 33 74 33 75
1 0 544 1040 79 15 0 0 0 0 34 65 35 65 36 65 37 65 38 65
1 0 656 1040 79 15 0 0 0 0 41 65 42 65 43 65 44 65 45 65
1 0 736 1056 15 159 0 0 0 0 46 66 46 67 46 68 46 69 46 70 46 71 46 72 46 73 46 74 46 75
1 0 544 1216 79 15 0 0 0 0 34 76 35 76 36 76 37 76 38 76
1 0 656 1216 79 15 0 0 0 0 41 76 42 76 43 76 44 76 45 76
1 0 544 1120 191 47 0 0 0 0 34 70 34 71 34 72 35 70 35 71 35 72 36 70 36 71 36 72 37 70 37 71 37 72 38 70 38 71 38 72 39 70 39 71 39 72 40 70 40 71 40 72 41 70 41 71 41 72 42 70 42 71 42 72 43 70 43 71 43 72 44 70 44 71 44 72 45 70 45 71 45 72
1 0 784 1056 15 159 0 0 0 0 49 66 49 67 49 68 49 69 49 70 49 71 49 72 49 73 49 74 49 75
1 0 800 1040 191 15 0 0 0 0 50 65 51 65 52 65 53 65 54 65 55 65 56 65 57 65 58 65 59 65 60 65 61 65
1 0 992 1056 15 159 0 0 0 0 62 66 62 67 62 68 62 69 62 70 62 71 62 72 62 73 62 74 62 75
1 0 800 1216 79 15 0 0 0 0 50 76 51 76 52 76 53 76 54 76
1 0 912 1216 79 15 0 0 0 0 57 76 58 76 59 76 60 76 61 76
1 0 1296 800 15 415 0 0 0 0 81 50 81 51 81 52 81 53 81 54 81 55 81 56 81 57 81 58 81 59 81 60 81 61 81 62 81 63 81 64 81 65 81 66 81 67 81 68 81 69 81 70 81 71 81 72 81 73 81 74 81 75
1 0 1312 784 191 15 0 0 0 0 82 49 83 49 84 49 85 49 86 49 87 49 88 49 89 49 90 49 91 49 92 49 93 49
1 0 1504 800 15 415 0 0 0 0 94 50 94 51 94 52 94 53 94 54 94 55 94 56 94 57 94 58 94 59 94 60 94 61 94 62 94 63 94 64 94 65 94 66 94 67 94 68 94 69 94 70 94 71 94 72 94 73 94 74 94 75
1 0 1312 1216 191 15 0 0 0 0 82 76 83 76 84 76 85 76 86 76 87 76 88 76 89 76 90 76 91 76 92 76 93 76
1 0 1328 800 31 63 0 0 0 0 83 50 83 51 83 52 83 53 84 50 84 51 84 52 84 53
1 0 1392 800 31 63 0 0 0 0 87 50 87 51 87 52 87 53 88 50 88 51 88 52 88 53
1 0 1312 928 127 47 0 0 0 0 82 58 82 59 82 60 83 58 83 59 83 60 84 58 84 59 84 60 85 58 85 59 85 60 86 58 86 59 86 60 87 58 87 59 87 60 88 58 88 59 88 60 89 58 89 59 89 60
1 0 1376 1056 127 47 0 0 0 0 86 66 86 67 86 68 87 66 87 67 87 68 88 66 88 67 88 68 89 66 89 67 89 68 90 66 90 67 90 68 91 66 91 67 91 68 92 66 92 67 92 68 93 66 93 67 93 68
1 0 16 1312 15 159 0 0 0 0 1 82 1 83 1 84 1 85 1 86 1 87 1 88 1 89 1 90 1 91
1 0 32 1296 191 15 0 0 0 0 2 81 3 81 4 81 5 81 6 81 7 81 8 81 9 81 10 81 11 81 12 81 13 81
1 0 224 1312 15 159 0 0 0 0 14 82 14 83 14 84 14 85 14 86 14 87 14 88 14 89 14 90 14 91
1 0 32 1472 79 15 0 0 0 0 2 92 3 92 4 92 5 92 6 92
1 0 144 1472 79 15 0 0 0 0 9 92 10 92 11 92 12 92 13 92
1 0 528 1312 15 159 0 0 0 0 33 82 33 83 33 84 33 85 33 86 33 87 33 88 33 89 33 90 33 91
1 0 544 1296 79 15 0 0 0 0 34 81 35 81 36 81 37 81 38 81
1 0 656 1296 79 15 0 0 0 0 41 81 42 81 43 81 44 81 45 81
1 0 736 1312 15 159 0 0 0 0 46 82 46 83 46 84 46 85 46 86 46 87 46 88 46 89 46 90 46 91
1 0 544 1472 79 15 0 0 0 0 34 92 35 92 36 92 37 92 38 92
1 0 656 1472 79 15 0 0 0 0 41 92 42 92 43 92 44 92 45 92
1 0 1040 1312 15 159 0 0 0 0 65 82 65 83 65 84 65 85 65 86 65 87 65 88 65 89 65 90 65 91
1 0 1056 1296 79 15 0 0 0 0 66 81 67 81 68 81 69 81 70 81
1 0 1168 1296 79 15 0 0 0 0 73 81 74 81 75 81 76 81 77 81
1 0 1248 1312 15 159 0 0 0 0 78 82 78 83 78 84 78 85 78 86 78 87 78 88 78 89 78 90 78 91
1 0 1056 1472 191 15 0 0 0 0 66 92 67 92 68 92 69 92 70 92 71 92 72 92 73 92 74 92 75 92 76 92 77 92
1 0 272 1567 15 160 0 0 0 0 17 97 17 98 17 99 17 100 17 101 17 102 17 103 17 104 17 105 17 106 17 107
1 0 288 1552 191 15 0 0 0 0 18 97 19 97 20 97 21 97 22 97 23 97 24 97 25 97 26 97 27 97 28 97 29 97
1 0 480 1568 15 159 0 0 0 0 30 98 30 99 30 100 30 101 30 102 30 103 30 104 30 105 30 106 30 107
1 0 288 1728 79 15 0 0 0 0 18 108 19 108 20 108 21 108 22 108
1 0 400 1728 79 15 0 0 0 0 25 108 26 108 27 108 28 108 29 108
1 0 784 1568 15 159 0 0 0 0 49 98 49 99 49 100 49 101 49 102 49 103 49 104 49 105 49 106 49 107
1 0 800 1552 191 15 0 0 0 0 50 97 51 97 52 97 53 97 54 97 55 97 56 97 57 97 58 97 59 97 60 97 61 97
1 0 992 1568 15 159 0 0 0 0 62 98 62 99 62 100 62 101 62 102 62 103 62 104 62 105 62 106 62 107
1 0 800 1728 79 15 0 0 0 0 50 108 51 108 52 108 53 108 54 108
1 0 912 1728 79 15 0 0 0 0 57 108 58 108 59 108 60 108 61 108
1 0 1040 1568 15 159 0 0 0 0 65 98 65 99 65 100 65 101 65 102 65 103 65 104 65 105 65 106 65 107
1 0 1056 1552 191 15 0 0 0 0 66 97 67 97 68 97 69 97 70 97 71 97 72 97 73 97 74 97 75 97 76 97 77 97
1 0 1248 1568 15 159 0 0 0 0 78 98 78 99 78 100 78 101 78 102 78 103 78 104 78 105 78 106 78 107
1 0 1056 1728 191 15 0 0 0 0 66 108 67 108 68 108 69 108 70 108 71 108 72 108 73 108 74 108 75 108 76 108 77 108
1 0 16 1824 15 159 0 0 0 0 1 114 1 115 1 116 1 117 1 118 1 119 1 120 1 121 1 122 1 123
1 0 32 1808 191 15 0 0 0 0 2 113 3 113 4 113 5 113 6 113 7 113 8 113 9 113 10 113 11 113 12 113 13 113
1 0 224 1824 15 159 0 0 0 0 14 114 14 115 14 116 14 117 14 118 14 119 14 120 14 121 14 122 14 123
1 0 32 1984 191 15 0 0 0 0 2 124 3 124 4 124 5 124 6 124 7 124 8 124 9 124 10 124 11 124 12 124 13 124
1 0 272 1824 15 159 0 0 0 0 17 114 17 115 17 116 17 117 17 118 17 119 17 120 17 121 17 122 17 123
1 0 288 1808 79 15 0 0 0 0 18 113 19 113 20 113 21 113 22 113
1 0 400 1808 79 15 0 0 0 0 25 113 26 113 27 113 28 113 29 113
1 0 480 1824 15 159 0 0 0 0 30 114 30 115 30 116 30 117 30 118 30 119 30 120 30 121 30 122 30 123
1 0 288 1984 191 15 0 0 0 0 18 124 19 124 20 124 21 124 22 124 23 124 24 124 25 124 26 124 27 124 28 124 29 124
1 0 528 1824 15 159 0 0 0 0 33 114 33 115 33 116 33 117 33 118 33 119 33 120 33 121 33 122 33 123
1 0 544 1808 79 15 0 0 0 0 34 113 35 113 36 113 37 113 38 113
1 0 656 1808 79 15 0 0 0 0 41 113 42 113 43 113 44 113 45 113
1 0 736 1824 15 159 0 0 0 0 46 114 46 115 46 116 46 117 46 118 46 119 46 120 46 121 46 122 46 123
1 0 544 1984 191 15 0 0 0 0 34 124 35 124 36 124 37 124 38 124 39 124 40 124 41 124 42 124 43 124 44 124 45 124
1 0 1040 1824 15 159 0 0 0 0 65 114 65 115 65 116 65 117 65 118 65 119 65 120 65 121 65 122 65 123
1 0 1056 1808 191 15 0 0 0 0 66 113 67 113 68 113 69 113 70 113 71 113 72 113 73 113 74 113 75 113 76 113 77 113
1 0 1248 1824 15 159 0 0 0 0 78 114 78 115 78 116 78 117 78 118 78 119 78 120 78 121 78 122 78 123
1 0 1056 1984 191 15 0 0 0 0 66 124 67 124 68 124 69 124 70 124 71 124 72 124 73 124 74 124 75 124 76 124 77 124
1 0 1296 1824 15 159 0 0 0 0 81 114 81 115 81 116 81 117 81 118 81 119 81 120 81 121 81 122 81 123
1 0 1312 1808 191 15 0 0 0 0 82 113 83 113 84 113 85 113 86 113 87 113 88 113 89 113 90 113 91 113 92 113 93 113
1 0 1504 1824 15 159 0 0 0 0 94 114 94 115 94 116 94 117 94 118 94 119 94 120 94 121 94 122 94 123
1 0 1312 1984 191 15 0 0 0 0 82 124 83 124 84 124 85 124 86 124 87 124 88 124 89 124 90 124 91 124 92 124 93 124
1 0 1296 1312 15 159 0 0 0 0 81 82 81 83 81 84 81 85 81 86 81 87 81 88 81 89 81 90 81 91
1 0 1312 1296 191 15 0 0 0 0 82 81 83 81 84 81 85 81 86 81 87 81 88 81 89 81 90 81 91 81 92 81 93 81
1 0 1504 1312 15 159 0 0 0 0 94 82 94 83 94 84 94 85 94 86 94 87 94 88 94 89 94 90 94 91
1 0 1312 1472 79 15 0 0 0 0 82 92 83 92 84 92 85 92 86 92
1 0 1424 1472 79 15 0 0 0 0 89 92 90 92 91 92 92 92 93 92