1 1 0 0 512 47 0 0 1 0 2 0 3 0 4 0 5 0 6 0 7 0
2 1 0 0 111 63 0 0 1 0
3 1 144 0 31 63 2 0
4 1 208 0 31 63 3 0
5 1 272 0 240 63 4 0 5 0 6 0 7 0
6 1 0 0 31 1279 0 0 0 1 0 2 0 3 0 4 0 5 0 6 0 7 0 8 0 9 0 10 0 11 0 12 0 13 0 14 0 15 0 16 0 17 0 18 0 19
7 1 480 48 32 1231 7 0 7 1 7 2 7 3 7 4 7 5 7 6 7 7 7 8 7 9 7 10 7 11 7 12 7 13 7 14 7 15 7 16 7 17 7 18 7 19
8 1 96 97 255 30 1 1 2 1 3 1 4 1 5 1
9 1 416 97 96 30 6 1 7 1
10 1 0 161 159 30 0 2
11 1 256 112 31 95 4 1 4 2 4 3
12 1 352 161 160 30 5 2 6 2 7 2
13 1 96 225 416 14 1 3 2 3 3 3 4 3 5 3 6 3 7 3
14 1 96 225 15 30 1 3
15 1 144 225 31 30 2 3
16 1 208 225 31 30 3 3
17 1 272 225 31 30 4 3
18 1 336 225 176 30 5 3 6 3 7 3
19 1 0 289 351 30 0 4 1 4 2 4 3 4 4 4 5 4
20 1 352 353 63 30 5 5 6 5
21 1 96 417 255 30 1 6 2 6 3 6 4 6 5 6
22 1 0 481 95 30 0 7 1 7
23 1 0 545 223 30 0 8 1 8
24 1 288 545 127 30 4 8 5 8 6 8
25 1 416 609 96 30 6 9 7 9
26 1 96 673 319 30 1 10 2 10 3 10 4 10 5 10 6 10
27 1 256 688 31 95 4 10 4 11 4 12 4 13
28 1 0 737 95 30 0 11
29 1 416 737 96 30 6 11 7 11
30 1 96 801 63 30 1 12 2 12
31 1 224 801 191 30 3 12 4 12 5 12 6 12
32 1 320 816 31 95 5 12 5 13 5 14
33 1 0 865 223 30 0 13 1 13
34 1 416 865 96 30 6 13 7 13
35 1 160 929 255 30 2 14 3 14 4 14 5 14 6 14
36 1 256 944 31 95 5 14 5 15 5 16
37 1 0 993 159 14 0 15 1 15 2 15
38 1 0 993 111 30 0 15 1 15
39 1 144 993 15 30 2 15
40 1 416 993 96 30 6 15 7 15
41 1 96 1057 319 30 1 16 2 16 3 16 4 16 5 16 6 16
42 1 320 1072 31 95 5 16 5 17 5 18
43 1 0 1121 95 30 0 17
44 1 416 1121 96 30 6 17 7 17
45 1 0 1185 159 30 0 18 1 18 2 18
46 1 224 1187 288 30 3 18 4 18 5 18 6 18 7 18
47 1 0 1249 512 30 0 19 1 19 2 19 3 19 4 19 5 19 6 19 7 19